x_meters,y_meters
1.0,1.0
1.0,1.0
1.0,1.0
1.0,1.0
1.0,1.0
1.0,1.0
1.0,1.0
1.0,1.0
1.0,1.0
1.0,1.0
1.0,1.0
1.0,1.0
1.0,1.0
1.0,1.0
1.0,1.0
1.0,1.0
1.0,1.0
1.0,1.0
1.0,1.0
1.0,1.0
1.0,1.0
1.0,1.0
1.0,1.0
1.0,1.0
1.0,1.0
1.0,1.0
1.0,1.0
1.0,1.0
1.0,1.0
1.0,1.0
1.0,1.0
1.0,1.0
1.0,1.0
1.0,1.0
1.0,1.0
1.0,1.0
1.0,1.0
1.0,1.0
1.0,1.0
1.0,1.0
1.0,1.0
1.0,1.0
1.0,1.0
1.0,1.0
1.0,1.0
1.0,1.0
1.0,1.0
1.0,1.0
1.0,1.0
1.0,1.0
1.0,1.0
1.0,1.0
1.0,1.0
1.0,1.0
1.0,1.0
1.0,1.0
1.0,1.0
1.0,1.0
1.0,1.0
1.0,1.0
1.0,1.0
1.0,1.0
1.0,1.0
1.0,1.0
1.0,1.0
1.0,1.0
1.0,1.0
1.0,1.0
1.0,1.0
1.0,1.0
1.0,1.0
1.0,1.0
1.0,1.0
1.0,1.0
1.0,1.0
1.0,1.0
1.0,1.0
1.0,1.0
1.0,1.0
1.0,1.0
1.0,1.0
1.0,1.0
1.0,1.0
1.0,1.0
1.0,1.0
1.0,1.0
1.0,1.0
1.0,1.0
1.0,1.0
1.0,1.0
1.0,1.0
1.0,1.0
1.0,1.0
1.0,1.0
1.0,1.0
1.0,1.0
1.0,1.0
1.0,1.0
1.0,1.0
1.0,1.0
1.0,1.0
1.0,1.0
1.0,1.0
1.0,1.0
1.0,1.0
1.0,1.0
1.0,1.0
1.0,1.0
1.0,1.0
1.0,1.0
1.0,1.0
1.0,1.0
1.0,1.0
1.0,1.0
1.0,1.0
1.0,1.0
1.0,1.0
1.0,1.0
1.0,1.0
1.0,1.0
1.0,1.0
1.0,1.0
1.0,1.0
1.0,1.0
1.0,1.0
1.0,1.0
1.0,1.0
1.0,1.0
1.0,1.0
1.0,1.0
1.0,1.0
1.0,1.0
1.0,1.0
1.0,1.0
1.0,1.0
1.0,1.0
1.0,1.0
1.0,1.0
1.0,1.0
1.0,1.0
1.0,1.0
1.0,1.0
1.0,1.0
1.0,1.0
1.0,1.0
1.0,1.0
1.0,1.0
1.0,1.0
1.0,1.0
1.0,1.0
1.0,1.0
1.0,1.0
1.0,1.0
1.0,1.0
1.0,1.0
1.0,1.0
1.0,1.0
1.0,1.0
1.0,1.0
1.0,1.0
1.0,1.0
1.0,1.0
1.0,1.0
1.0,1.0
1.0,1.0
1.0,1.0
1.0,1.0
1.0,1.0
1.0,1.0
1.0,1.0
1.0,1.0
1.0,1.0
1.0,1.0
1.0,1.0
1.0,1.0
1.0,1.0
1.0,1.0
1.0,1.0
1.0,1.0
1.0,1.0
1.0,1.0
1.0,1.0
1.0,1.0
1.0,1.0
1.0,1.0
1.0,1.0
1.0,1.0
1.0,1.0
1.0,1.0
1.0,1.0
1.0,1.0
1.0,1.0
1.0,1.0
1.0,1.0
1.0,1.0
1.0,1.0
1.0,1.0
1.0,1.0
1.0,1.0
1.0,1.0
1.0,1.0
1.0,1.0
1.0,1.0
1.0,1.0
1.0,1.0
1.0,1.0
1.0,1.0
1.0,1.0
1.0,1.0
1.0,1.0
1.0,1.0
1.0,1.0
1.0,1.0
1.0,1.0
1.0,1.0
1.0,1.0
1.0,1.0
1.0,1.0
1.0,1.0
1.0,1.0
1.0,1.0
1.0,1.0
1.0,1.0
1.0,1.0
1.0,1.0
1.0,1.0
1.0,1.0
1.0,1.0
1.0,1.0
1.0,1.0
1.0,1.0
1.0,1.0
1.0,1.0
1.0,1.0
1.0,1.0
1.0,1.0
1.0,1.0
1.0,1.0
1.0,1.0
1.0,1.0
1.0,1.0
1.0,1.0
1.0,1.0
1.0,1.0
1.0,1.0
1.0,1.0
1.0,1.0
1.0,1.0
1.0,1.0
1.0,1.0
1.0,1.0
1.0,1.0
1.0,1.0
1.0,1.0
1.0,1.0
1.0,1.0
1.0,1.0
1.0,1.0
1.0,1.0
1.0,1.0
1.0,1.0
1.0,1.0
1.0,1.0
1.0,1.0
1.0,1.0
1.0,1.0
1.0,1.0
1.0,1.0
1.0,1.0
1.0,1.0
1.0,1.0
1.0,1.0
1.0,1.0
1.0,1.0
1.0,1.0
1.0,1.0
1.0,1.0
1.0,1.0
1.0,1.0
1.0,1.0
1.0,1.0
1.0,1.0
1.0,1.0
1.0,1.0
1.0,1.0
1.0,1.0
1.0,1.0
1.0,1.0
1.0,1.0
1.0,1.0
1.0,1.0
1.0,1.0
1.0,1.0
1.0,1.0
1.0,1.0
1.0,1.0
1.0,1.0
1.0,1.0
1.0,1.0
1.0,1.0
1.0,1.0
1.0,1.0
1.0,1.0
1.0,1.0
1.0,1.0
1.0,1.0
1.0,1.0
1.0,1.0
1.0,1.0
1.0,1.0
1.0,1.0
1.0,1.0
1.0,1.0
1.0,1.0
1.0,1.0
1.0,1.0
1.0,1.0
1.0,1.0
1.0,1.0
1.0,1.0
1.0,1.0
1.0,1.0
1.0,1.0
1.0,1.0
1.0,1.0
1.0,1.0
1.0,1.0
1.0,1.0
1.0,1.0
1.0,1.0
1.0,1.0
1.0,1.0
1.0,1.0
1.0,1.0
1.0,1.0
1.0,1.0
1.0,1.0
1.0,1.0
1.0,1.0
1.0,1.0
1.0,1.0
1.0,1.0
1.0,1.0
1.0,1.0
1.0,1.0
1.0,1.0
1.0,1.0
1.0,1.0
1.0,1.0
1.0,1.0
1.0,1.0
1.0,1.0
1.0,1.0
1.0,1.0
1.0,1.0
1.0,1.0
1.0,1.0
1.0,1.0
1.0,1.0
1.0,1.0
1.0,1.0
1.0,1.0
1.0,1.0
1.0,1.0
1.0,1.0
1.0,1.0
1.0,1.0
1.0,1.0
1.0,1.0
1.0,1.0
1.0,1.0
1.0,1.0
1.0,1.0
1.0,1.0
1.0,1.0
1.0,1.0
1.0,1.0
1.0,1.0
1.0,1.0
1.0,1.0
1.0,1.0
1.0,1.0
1.0,1.0
1.0,1.0
1.0,1.0
1.0,1.0
1.0,1.0
1.0,1.0
1.0,1.0
1.0,1.0
1.0,1.0
1.0,1.0
1.0,1.0
1.0,1.0
1.0,1.0
1.0,1.0
1.0,1.0
1.0,1.0
1.0,1.0
1.0,1.0
1.0,1.0
1.0,1.0
1.0,1.0
1.0,1.0
1.0,1.0
1.0,1.0
1.0,1.0
1.0,1.0
1.0,1.0
1.0,1.0
1.0,1.0
1.0,1.0
1.0,1.0
1.0,1.0
1.0,1.0
1.0,1.0
1.0,1.0
1.0,1.0
1.0,1.0
1.0,1.0
1.0,1.0
1.0,1.0
1.0,1.0
1.0,1.0
1.0,1.0
1.0,1.0
1.0,1.0
1.0,1.0
1.0,1.0
1.0,1.0
1.0,1.0
1.0,1.0
1.0,1.0
1.0,1.0
1.0,1.0
1.0,1.0
1.0,1.0
1.0,1.0
1.0,1.0
1.0,1.0
1.0,1.0
1.0,1.0
1.0,1.0
1.0,1.0
1.0,1.0
1.0,1.0
1.0,1.0
1.0,1.0
1.0,1.0
1.0,1.0
1.0,1.0
1.0,1.0
1.0,1.0
1.0,1.0
1.0,1.0
1.0,1.0
1.0,1.0
1.0,1.0
1.0,1.0
1.0,1.0
1.0,1.0
1.0,1.0
1.0,1.0
1.0,1.0
1.0,1.0
1.0,1.0
1.0,1.0
1.0,1.0
1.0,1.0
1.0,1.0
1.0,1.0
1.0,1.0
1.0,1.0
1.0,1.0
1.0,1.0
1.0,1.0
1.0,1.0
1.0,1.0
1.0,1.0
1.0,1.0
1.0,1.0
1.0,1.0
1.0,1.0
1.0,1.0
1.0,1.0
1.0,1.0
1.0,1.0
1.0,1.0
1.0,1.0
1.0,1.0
1.0,1.0
1.0,1.0
1.0,1.0
1.0,1.0
1.0,1.0
1.0,1.0
1.0,1.0
1.0,1.0
1.0,1.0
1.0,1.0
1.0,1.0
1.0,1.0
1.0,1.0
1.0,1.0
1.0,1.0
1.0,1.0
1.0,1.0
1.0,1.0
1.0,1.0
1.0,1.0
1.0,1.0
1.0,1.0
1.0,1.0
1.0,1.0
1.0,1.0
1.0,1.0
1.0,1.0
1.0,1.0
1.0,1.0
1.0,1.0
1.0,1.0
1.0,1.0
1.0,1.0
1.0,1.0
1.0,1.0
1.0,1.0
1.0,1.0
1.0,1.0
1.0,1.0
1.0,1.0
1.0,1.0
1.0,1.0
1.0,1.0
1.0,1.0
1.0,1.0
1.0,1.0
1.0,1.0
1.0,1.0
1.0,1.0
1.0,1.0
1.0,1.0
1.0,1.0
1.0,1.0
1.0,1.0
1.0,1.0
1.0,1.0
1.0,1.0
1.0,1.0
1.0,1.0
1.0,1.0
1.0,1.0
1.0,1.0
1.0,1.0
1.0,1.0
1.0,1.0
1.0,1.0
1.0,1.0
1.0,1.0
1.0,1.0
1.0,1.0
1.0,1.0
1.0,1.0
1.0,1.0
1.0,1.0
1.0,1.0
1.0,1.0
1.0,1.0
1.0,1.0
1.0,1.0
1.0,1.0
1.0,1.0
1.0,1.0
1.0,1.0
1.0,1.0
1.0,1.0
1.0,1.0
1.0,1.0
1.0,1.0
1.0,1.0
1.0,1.0
1.0,1.0
1.0,1.0
1.0,1.0
1.0,1.0
1.0,1.0
1.0,1.0
1.0,1.0
1.0,1.0
1.0,1.0
1.0,1.0
1.0,1.0
1.0,1.0
1.0,1.0
1.0,1.0
1.0,1.0
1.0,1.0
1.0,1.0
1.0,1.0
1.0,1.0
1.0,1.0
1.0,1.0
1.0,1.0
1.0,1.0
1.0,1.0
1.0,1.0
1.0,1.0
1.0,1.0
1.0,1.0
1.0,1.0
1.0,1.0
1.0,1.0
1.0,1.0
1.0,1.0
1.0,1.0
1.0,1.0
1.0,1.0
1.0,1.0
1.0,1.0
1.0,1.0
1.0,1.0
1.0,1.0
1.0,1.0
1.0,1.0
1.0,1.0
1.0,1.0
1.0,1.0
1.0,1.0
1.0,1.0
1.0,1.0
1.0,1.0
1.0,1.0
1.0,1.0
1.0,1.0
1.0,1.0
1.0,1.0
1.0,1.0
1.0,1.0
1.0,1.0
1.0,1.0
1.0,1.0
1.0,1.0
1.0,1.0
1.0,1.0
1.0,1.0
1.0,1.0
1.0,1.0
1.0,1.0
1.0,1.0
1.0,1.02
1.02,1.02
1.04,1.02
1.06,1.02
1.08,1.02
1.1,1.02
1.12,1.02
1.1400000000000001,1.02
1.16,1.02
1.18,1.02
1.2,1.02
1.22,1.02
1.24,1.02
1.26,1.02
1.28,1.02
1.3,1.02
1.32,1.02
1.34,1.02
1.36,1.02
1.3800000000000001,1.04
1.4000000000000001,1.04
1.42,1.04
1.44,1.04
1.46,1.04
1.48,1.04
1.5,1.04
1.52,1.04
1.54,1.04
1.56,1.04
1.58,1.04
1.6,1.04
1.62,1.04
1.6400000000000001,1.04
1.6600000000000001,1.04
1.68,1.04
1.7,1.04
1.72,1.04
1.74,1.04
1.76,1.04
1.78,1.06
1.8,1.06
1.82,1.06
1.84,1.06
1.86,1.06
1.8800000000000001,1.06
1.9000000000000001,1.06
1.92,1.06
1.94,1.06
1.96,1.06
1.98,1.06
2.0,1.06
2.02,1.06
2.04,1.06
2.06,1.06
2.08,1.06
2.1,1.06
2.12,1.06
2.14,1.06
2.16,1.06
2.18,1.08
2.2,1.08
2.22,1.08
2.24,1.08
2.2600000000000002,1.08
2.2800000000000002,1.08
2.3000000000000003,1.08
2.32,1.08
2.34,1.08
2.36,1.08
2.38,1.08
2.4,1.08
2.42,1.08
2.44,1.08
2.46,1.08
2.48,1.08
2.5,1.08
2.52,1.08
2.54,1.08
2.56,1.1
2.58,1.1
2.6,1.1
2.62,1.1
2.64,1.1
2.66,1.1
2.68,1.1
2.7,1.1
2.72,1.1
2.74,1.1
2.7600000000000002,1.1
2.7800000000000002,1.1
2.8000000000000003,1.1
2.82,1.1
2.84,1.1
2.86,1.1
2.88,1.1
2.9,1.1
2.92,1.1
2.94,1.1
2.96,1.12
2.98,1.12
3.0,1.12
3.02,1.12
3.04,1.12
3.06,1.12
3.08,1.12
3.1,1.12
3.12,1.12
3.14,1.12
3.16,1.12
3.18,1.12
3.2,1.12
3.22,1.12
3.24,1.12
3.2600000000000002,1.12
3.2800000000000002,1.12
3.3000000000000003,1.12
3.3200000000000003,1.12
3.34,1.12
3.36,1.1400000000000001
3.38,1.1400000000000001
3.4,1.1400000000000001
3.42,1.1400000000000001
3.44,1.1400000000000001
3.46,1.1400000000000001
3.48,1.1400000000000001
3.5,1.1400000000000001
3.52,1.1400000000000001
3.54,1.1400000000000001
3.56,1.1400000000000001
3.58,1.1400000000000001
3.6,1.1400000000000001
3.62,1.1400000000000001
3.64,1.1400000000000001
3.66,1.1400000000000001
3.68,1.1400000000000001
3.7,1.1400000000000001
3.72,1.1400000000000001
3.74,1.16
3.7600000000000002,1.16
3.7800000000000002,1.16
3.8000000000000003,1.16
3.8200000000000003,1.16
3.84,1.16
3.86,1.16
3.88,1.16
3.9,1.16
3.92,1.16
3.94,1.16
3.96,1.16
3.98,1.16
4.0,1.16
4.0200000000000005,1.16
4.04,1.16
4.0600000000000005,1.16
4.08,1.16
4.1,1.16
4.12,1.16
4.14,1.18
4.16,1.18
4.18,1.18
4.2,1.18
4.22,1.18
4.24,1.18
4.26,1.18
4.28,1.18
4.3,1.18
4.32,1.18
4.34,1.18
4.36,1.18
4.38,1.18
4.4,1.18
4.42,1.18
4.44,1.18
4.46,1.18
4.48,1.18
4.5,1.18
4.5200000000000005,1.18
4.54,1.2
4.5600000000000005,1.2
4.58,1.2
4.6000000000000005,1.2
4.62,1.2
4.64,1.2
4.66,1.2
4.68,1.2
4.7,1.2
4.72,1.2
4.74,1.2
4.76,1.2
4.78,1.2
4.8,1.2
4.82,1.2
4.84,1.2
4.86,1.2
4.88,1.2
4.9,1.2
4.92,1.22
4.94,1.22
4.96,1.22
4.98,1.22
5.0,1.22
5.0200000000000005,1.22
5.04,1.22
5.0600000000000005,1.22
5.08,1.22
5.1000000000000005,1.22
5.12,1.22
5.14,1.22
5.16,1.22
5.18,1.22
5.2,1.22
5.22,1.22
5.24,1.22
5.26,1.22
5.28,1.22
5.3,1.22
5.32,1.24
5.34,1.24
5.36,1.24
5.38,1.24
5.4,1.24
5.42,1.24
5.44,1.24
5.46,1.24
5.48,1.24
5.5,1.24
5.5200000000000005,1.24
5.54,1.24
5.5600000000000005,1.24
5.58,1.24
5.6000000000000005,1.24
5.62,1.24
5.64,1.24
5.66,1.24
5.68,1.24
5.7,1.24
5.72,1.26
5.74,1.26
5.76,1.26
5.78,1.26
5.8,1.26
5.82,1.26
5.84,1.26
5.86,1.26
5.88,1.26
5.9,1.26
5.92,1.26
5.94,1.26
5.96,1.26
5.98,1.26
6.0,1.26
6.0200000000000005,1.26
6.04,1.26
6.0600000000000005,1.24
6.08,1.24
6.1000000000000005,1.24
6.12,1.24
6.140000000000001,1.24
6.16,1.22
6.18,1.22
6.2,1.22
6.22,1.22
6.24,1.22
6.26,1.22
6.28,1.2
6.3,1.2
6.32,1.2
6.34,1.2
6.36,1.2
6.38,1.18
6.4,1.18
6.42,1.18
6.44,1.18
6.46,1.18
6.48,1.16
6.5,1.16
6.5200000000000005,1.16
6.54,1.16
6.5600000000000005,1.16
6.58,1.16
6.6000000000000005,1.1400000000000001
6.62,1.1400000000000001
6.640000000000001,1.1400000000000001
6.66,1.1400000000000001
6.68,1.1400000000000001
6.7,1.12
6.72,1.12
6.74,1.12
6.76,1.12
6.78,1.12
6.8,1.1
6.8,1.1
6.82,1.1
6.84,1.1
6.86,1.1
6.88,1.1
6.9,1.08
6.92,1.08
6.94,1.08
6.96,1.08
6.98,1.08
7.0,1.08
7.0200000000000005,1.06
7.04,1.06
7.0600000000000005,1.06
7.08,1.06
7.1000000000000005,1.06
7.12,1.06
7.140000000000001,1.06
7.16,1.06
7.18,1.06
7.2,1.06
7.22,1.06
7.24,1.08
7.26,1.08
7.28,1.08
7.3,1.08
7.32,1.08
7.34,1.08
7.36,1.08
7.38,1.08
7.4,1.08
7.42,1.08
7.44,1.08
7.46,1.08
7.48,1.08
7.5,1.08
7.5200000000000005,1.08
7.54,1.08
7.5600000000000005,1.08
7.58,1.08
7.6000000000000005,1.08
7.62,1.1
7.640000000000001,1.1
7.66,1.1
7.68,1.1
7.7,1.1
7.72,1.1
7.74,1.1
7.76,1.1
7.78,1.1
7.8,1.1
7.82,1.1
7.84,1.1
7.86,1.1
7.88,1.1
7.9,1.1
7.92,1.1
7.94,1.1
7.96,1.1
7.98,1.1
8.0,1.1
8.02,1.12
8.040000000000001,1.12
8.06,1.12
8.08,1.12
8.1,1.12
8.120000000000001,1.12
8.14,1.12
8.16,1.12
8.18,1.12
8.2,1.12
8.22,1.12
8.24,1.12
8.26,1.12
8.28,1.12
8.3,1.12
8.32,1.12
8.34,1.12
8.36,1.12
8.38,1.12
8.4,1.12
8.42,1.1400000000000001
8.44,1.1400000000000001
8.46,1.1400000000000001
8.48,1.1400000000000001
8.5,1.1400000000000001
8.52,1.1400000000000001
8.540000000000001,1.1400000000000001
8.56,1.1400000000000001
8.58,1.1400000000000001
8.6,1.1400000000000001
8.620000000000001,1.1400000000000001
8.64,1.1400000000000001
8.66,1.1400000000000001
8.68,1.1400000000000001
8.700000000000001,1.1400000000000001
8.72,1.1400000000000001
8.74,1.1400000000000001
8.76,1.1400000000000001
8.78,1.1400000000000001
8.8,1.1400000000000001
8.82,1.16
8.84,1.16
8.86,1.16
8.88,1.16
8.9,1.16
8.92,1.16
8.94,1.16
8.96,1.16
8.98,1.16
9.0,1.16
9.02,1.16
9.040000000000001,1.16
9.06,1.16
9.08,1.16
9.1,1.16
9.120000000000001,1.16
9.14,1.16
9.16,1.16
9.18,1.16
9.200000000000001,1.18
9.22,1.18
9.24,1.18
9.26,1.18
9.28,1.18
9.3,1.18
9.32,1.16
9.34,1.16
9.36,1.16
9.38,1.16
9.4,1.16
9.42,1.16
9.44,1.16
9.46,1.16
9.48,1.1400000000000001
9.5,1.1400000000000001
9.52,1.1400000000000001
9.540000000000001,1.1400000000000001
9.56,1.1400000000000001
9.58,1.1400000000000001
9.6,1.12
9.620000000000001,1.12
9.64,1.12
9.66,1.12
9.68,1.12
9.700000000000001,1.12
9.72,1.1
9.74,1.1
9.76,1.1
9.78,1.1
9.8,1.1
9.82,1.08
9.84,1.08
9.86,1.08
9.88,1.08
9.9,1.08
9.92,1.08
9.94,1.06
9.96,1.06
9.98,1.06
10.0,1.06
10.02,1.06
10.040000000000001,1.06
10.06,1.04
10.08,1.04
10.1,1.04
10.120000000000001,1.04
10.14,1.04
10.16,1.04
10.18,1.02
10.200000000000001,1.02
10.22,1.02
10.24,1.02
10.26,1.02
10.28,1.02
10.3,1.0
10.32,1.0
10.32,1.0
10.34,1.0
10.36,1.0
10.38,1.0
10.4,0.98
10.42,0.98
10.44,0.98
10.46,0.98
10.48,0.98
10.5,0.98
10.52,0.96
10.540000000000001,0.96
10.56,0.96
10.58,0.96
10.6,0.96
10.620000000000001,0.96
10.64,0.9400000000000001
10.66,0.9400000000000001
10.68,0.9400000000000001
10.700000000000001,0.9400000000000001
10.72,0.9400000000000001
10.74,0.9400000000000001
10.76,0.9400000000000001
10.78,0.92
10.8,0.92
10.82,0.92
10.84,0.92
10.86,0.92
10.88,0.92
10.9,0.92
10.92,0.92
10.94,0.92
10.96,0.92
10.98,0.9400000000000001
11.0,0.9400000000000001
11.02,0.9400000000000001
11.040000000000001,0.9400000000000001
11.06,0.9400000000000001
11.08,0.9400000000000001
11.1,0.9400000000000001
11.120000000000001,0.96
11.14,0.96
11.16,0.96
11.18,0.96
11.200000000000001,0.96
11.22,0.96
11.24,0.96
11.26,0.98
11.28,0.98
11.3,0.98
11.32,0.98
11.34,0.98
11.36,0.98
11.38,0.98
11.4,1.0
11.42,1.0
11.44,1.0
11.46,1.0
11.48,1.0
11.5,1.0
11.52,1.02
11.540000000000001,1.02
11.56,1.02
11.58,1.02
11.6,1.02
11.620000000000001,1.02
11.64,1.02
11.66,1.04
11.68,1.04
11.700000000000001,1.04
11.72,1.04
11.74,1.04
11.76,1.04
11.78,1.04
11.8,1.06
11.82,1.06
11.84,1.06
11.86,1.06
11.88,1.06
11.9,1.06
11.92,1.08
11.94,1.08
11.96,1.08
11.98,1.08
12.0,1.08
12.02,1.08
12.040000000000001,1.08
12.06,1.08
12.08,1.08
12.1,1.08
12.120000000000001,1.08
12.14,1.08
12.16,1.08
12.18,1.08
12.200000000000001,1.08
12.22,1.08
12.24,1.08
12.26,1.06
12.280000000000001,1.06
12.3,1.06
12.32,1.06
12.34,1.06
12.36,1.06
12.38,1.06
12.4,1.06
12.42,1.06
12.44,1.06
12.46,1.06
12.48,1.04
12.5,1.04
12.52,1.04
12.540000000000001,1.04
12.56,1.04
12.58,1.04
12.6,1.04
12.620000000000001,1.04
12.64,1.04
12.66,1.04
12.68,1.04
12.68,1.02
12.700000000000001,1.02
12.72,1.02
12.74,1.02
12.76,1.02
12.780000000000001,1.02
12.8,1.02
12.82,1.02
12.84,1.02
12.86,1.02
12.88,1.02
12.9,1.02
12.92,1.0
12.94,1.0
12.96,1.0
12.98,1.0
13.0,1.0
13.02,1.0
13.040000000000001,1.0
13.06,0.98
13.08,0.98
13.1,0.98
13.120000000000001,0.98
13.14,0.96
13.16,0.96
13.18,0.96
13.200000000000001,0.96
13.22,0.96
13.24,0.9400000000000001
13.26,0.9400000000000001
13.280000000000001,0.9400000000000001
13.3,0.9400000000000001
13.32,0.92
13.34,0.92
13.36,0.92
13.38,0.92
13.4,0.9
13.42,0.9
13.44,0.9
13.46,0.9
13.48,0.88
13.5,0.88
13.52,0.88
13.540000000000001,0.88
13.56,0.86
13.58,0.86
13.6,0.86
13.620000000000001,0.86
13.620000000000001,0.84
13.64,0.84
13.66,0.84
13.68,0.84
13.700000000000001,0.8200000000000001
13.72,0.8200000000000001
13.74,0.8200000000000001
13.76,0.8200000000000001
13.780000000000001,0.8
13.8,0.8
13.82,0.8
13.84,0.8
13.86,0.78
13.88,0.78
13.9,0.78
13.92,0.78
13.94,0.76
13.96,0.76
13.98,0.76
14.0,0.76
14.02,0.76
14.040000000000001,0.74
14.06,0.74
14.08,0.74
14.1,0.74
14.120000000000001,0.74
14.14,0.74
14.16,0.74
14.18,0.74
14.200000000000001,0.74
14.22,0.74
14.24,0.74
14.26,0.74
14.280000000000001,0.74
14.3,0.74
14.32,0.74
14.34,0.74
14.36,0.74
14.38,0.74
14.4,0.74
14.42,0.76
14.44,0.76
14.46,0.76
14.48,0.76
14.5,0.76
14.52,0.76
14.540000000000001,0.76
14.56,0.76
14.58,0.76
14.6,0.76
14.620000000000001,0.76
14.64,0.76
14.66,0.76
14.68,0.76
14.700000000000001,0.78
14.72,0.78
14.74,0.78
14.76,0.78
14.780000000000001,0.78
14.8,0.78
14.82,0.78
14.84,0.78
14.86,0.78
14.88,0.78
14.9,0.78
14.92,0.78
14.94,0.78
14.96,0.78
14.98,0.8
15.0,0.8
15.02,0.8
15.040000000000001,0.8
15.06,0.8
15.08,0.8
15.1,0.8
15.120000000000001,0.8
15.14,0.8
15.16,0.8
15.18,0.8
15.200000000000001,0.8
15.22,0.8
15.24,0.8
15.26,0.8200000000000001
15.280000000000001,0.8200000000000001
15.3,0.8200000000000001
15.32,0.8200000000000001
15.34,0.8200000000000001
15.36,0.8200000000000001
15.38,0.8200000000000001
15.4,0.8200000000000001
15.42,0.8200000000000001
15.44,0.8200000000000001
15.46,0.8200000000000001
15.48,0.8200000000000001
15.5,0.8200000000000001
15.52,0.8200000000000001
15.540000000000001,0.8200000000000001
15.56,0.84
15.58,0.84
15.6,0.84
15.620000000000001,0.84
15.64,0.84
15.66,0.84
15.68,0.84
15.700000000000001,0.84
15.72,0.84
15.74,0.84
15.76,0.84
15.780000000000001,0.84
15.8,0.84
15.82,0.84
15.84,0.86
15.860000000000001,0.86
15.88,0.86
15.9,0.86
15.92,0.86
15.94,0.86
15.96,0.86
15.98,0.86
16.0,0.86
16.02,0.86
16.04,0.86
16.06,0.86
16.080000000000002,0.86
16.1,0.86
16.12,0.88
16.14,0.88
16.16,0.88
16.18,0.88
16.2,0.88
16.22,0.88
16.240000000000002,0.88
16.26,0.88
16.28,0.88
16.3,0.88
16.32,0.88
16.34,0.88
16.36,0.88
16.38,0.88
16.4,0.9
16.42,0.9
16.44,0.9
16.46,0.9
16.48,0.9
16.5,0.9
16.52,0.9
16.54,0.9
16.56,0.9
16.580000000000002,0.9
16.6,0.9
16.62,0.9
16.64,0.9
16.66,0.9
16.68,0.92
16.7,0.92
16.72,0.92
16.740000000000002,0.92
16.76,0.92
16.78,0.92
16.8,0.92
16.82,0.92
16.84,0.92
16.86,0.92
16.88,0.92
16.9,0.92
16.92,0.92
16.94,0.92
16.96,0.9400000000000001
16.98,0.9400000000000001
17.0,0.9400000000000001
17.02,0.9400000000000001
17.04,0.9400000000000001
17.06,0.9400000000000001
17.080000000000002,0.9400000000000001
17.1,0.9400000000000001
17.12,0.9400000000000001
17.14,0.9400000000000001
17.16,0.9400000000000001
17.16,0.9400000000000001
17.18,0.9400000000000001
17.2,0.9400000000000001
17.22,0.96
17.240000000000002,0.96
17.26,0.96
17.28,0.96
17.3,0.96
17.32,0.96
17.34,0.96
17.36,0.96
17.38,0.96
17.400000000000002,0.96
17.42,0.96
17.44,0.96
17.46,0.96
17.48,0.96
17.5,0.96
17.52,0.98
17.54,0.98
17.56,0.98
17.580000000000002,0.98
17.6,0.98
17.62,0.98
17.64,0.98
17.66,1.0
17.68,1.0
17.7,1.0
17.72,1.0
17.740000000000002,1.02
17.76,1.02
17.78,1.02
17.8,1.04
17.82,1.04
17.84,1.06
17.86,1.06
17.88,1.06
17.900000000000002,1.08
17.900000000000002,1.08
17.92,1.1
17.94,1.1
17.96,1.12
17.98,1.12
18.0,1.1400000000000001
18.02,1.1400000000000001
18.02,1.16
18.04,1.16
18.06,1.18
18.080000000000002,1.2
18.1,1.2
18.12,1.22
18.14,1.22
18.14,1.24
18.16,1.24
18.18,1.26
18.2,1.26
18.22,1.28
18.240000000000002,1.28
18.240000000000002,1.3
18.26,1.32
18.28,1.32
18.3,1.34
18.32,1.34
18.32,1.36
18.34,1.3800000000000001
18.36,1.3800000000000001
18.38,1.4000000000000001
18.38,1.42
18.400000000000002,1.42
18.42,1.44
18.42,1.46
18.44,1.48
18.46,1.48
18.46,1.5
18.48,1.52
18.48,1.54
18.5,1.56
18.52,1.58
18.52,1.58
18.54,1.6
18.54,1.62
18.56,1.6400000000000001
18.56,1.6600000000000001
18.580000000000002,1.68
18.580000000000002,1.7
18.580000000000002,1.72
18.6,1.72
18.6,1.74
18.6,1.76
18.62,1.78
18.62,1.8
18.62,1.82
18.64,1.84
18.64,1.86
18.64,1.8800000000000001
18.64,1.9000000000000001
18.66,1.92
18.66,1.94
18.66,1.96
18.66,1.98
18.66,2.0
18.66,2.02
18.68,2.04
18.68,2.06
18.68,2.08
18.68,2.1
18.68,2.12
18.68,2.14
18.68,2.16
18.68,2.18
18.68,2.2
18.66,2.22
18.66,2.24
18.66,2.2600000000000002
18.66,2.2800000000000002
18.66,2.3000000000000003
18.66,2.32
18.64,2.34
18.64,2.36
18.64,2.38
18.64,2.4
18.62,2.42
18.62,2.44
18.62,2.46
18.6,2.48
18.6,2.48
18.6,2.5
18.580000000000002,2.52
18.580000000000002,2.54
18.580000000000002,2.56
18.56,2.58
18.56,2.6
18.54,2.62
18.54,2.64
18.52,2.64
18.52,2.66
18.5,2.68
18.48,2.7
18.48,2.72
18.46,2.74
18.46,2.74
18.44,2.7600000000000002
18.42,2.7800000000000002
18.42,2.8000000000000003
18.400000000000002,2.82
18.400000000000002,2.82
18.38,2.84
18.36,2.86
18.36,2.88
18.34,2.88
18.32,2.9
18.32,2.92
18.3,2.94
18.3,2.96
18.28,2.96
18.26,2.98
18.26,3.0
18.240000000000002,3.02
18.240000000000002,3.04
18.22,3.04
18.2,3.06
18.2,3.08
18.18,3.1
18.16,3.12
18.16,3.12
18.14,3.14
18.14,3.16
18.12,3.18
18.1,3.2
18.1,3.2
18.080000000000002,3.22
18.080000000000002,3.24
18.06,3.2600000000000002
18.04,3.2600000000000002
18.04,3.2800000000000002
18.02,3.3000000000000003
18.02,3.3200000000000003
18.0,3.34
17.98,3.34
17.98,3.36
17.96,3.38
17.94,3.4
17.94,3.42
17.92,3.42
17.92,3.44
17.900000000000002,3.46
17.88,3.48
17.88,3.5
17.86,3.5
17.86,3.52
17.84,3.54
17.82,3.56
17.82,3.56
17.8,3.58
17.8,3.6
17.78,3.62
17.78,3.64
17.76,3.66
17.76,3.68
17.740000000000002,3.68
17.740000000000002,3.7
17.72,3.72
17.72,3.74
17.7,3.7600000000000002
17.7,3.7800000000000002
17.7,3.8000000000000003
17.68,3.8200000000000003
17.68,3.84
17.68,3.86
17.66,3.88
17.66,3.9
17.66,3.92
17.66,3.94
17.64,3.96
17.64,3.98
17.64,4.0
17.64,4.0
17.62,4.0200000000000005
17.62,4.04
17.62,4.0600000000000005
17.62,4.08
17.6,4.1
17.6,4.12
17.6,4.14
17.6,4.16
17.580000000000002,4.18
17.580000000000002,4.2
17.580000000000002,4.22
17.56,4.24
17.56,4.26
17.56,4.28
17.56,4.3
17.54,4.32
17.54,4.34
17.54,4.36
17.54,4.38
17.54,4.4
17.54,4.42
17.52,4.44
17.52,4.46
17.52,4.48
17.52,4.5
17.52,4.5200000000000005
17.52,4.54
17.52,4.5600000000000005
17.52,4.58
17.52,4.6000000000000005
17.52,4.62
17.52,4.64
17.52,4.66
17.52,4.68
17.54,4.7
17.54,4.72
17.54,4.74
17.54,4.76
17.54,4.78
17.54,4.8
17.54,4.82
17.54,4.84
17.56,4.86
17.56,4.88
17.56,4.9
17.56,4.92
17.56,4.94
17.56,4.96
17.56,4.98
17.580000000000002,5.0
17.580000000000002,5.0200000000000005
17.580000000000002,5.04
17.580000000000002,5.0600000000000005
17.580000000000002,5.08
17.6,5.1000000000000005
17.6,5.12
17.6,5.14
17.6,5.14
17.62,5.16
17.62,5.18
17.62,5.2
17.64,5.22
17.64,5.24
17.64,5.26
17.66,5.28
17.66,5.3
17.68,5.32
17.68,5.34
17.7,5.36
17.7,5.38
17.7,5.38
17.72,5.4
17.72,5.42
17.740000000000002,5.44
17.740000000000002,5.46
17.740000000000002,5.48
17.76,5.5
17.76,5.5200000000000005
17.78,5.54
17.78,5.5600000000000005
17.78,5.58
17.8,5.6000000000000005
17.8,5.6000000000000005
17.82,5.62
17.82,5.64
17.82,5.66
17.84,5.68
17.84,5.7
17.86,5.72
17.86,5.74
17.86,5.76
17.88,5.78
17.88,5.8
17.900000000000002,5.8
17.900000000000002,5.82
17.92,5.84
17.92,5.86
17.92,5.88
17.94,5.9
17.94,5.92
17.96,5.94
17.96,5.96
17.96,5.98
17.98,6.0
17.98,6.0200000000000005
18.0,6.0200000000000005
18.0,6.04
18.0,6.0600000000000005
18.02,6.08
18.02,6.1000000000000005
18.04,6.12
18.04,6.140000000000001
18.04,6.16
18.06,6.18
18.06,6.2
18.080000000000002,6.22
18.080000000000002,6.22
18.080000000000002,6.24
18.1,6.26
18.1,6.28
18.12,6.3
18.12,6.32
18.14,6.34
18.14,6.36
18.14,6.38
18.16,6.4
18.16,6.42
18.18,6.44
18.18,6.44
18.18,6.46
18.2,6.48
18.2,6.5
18.22,6.5200000000000005
18.22,6.54
18.22,6.5600000000000005
18.240000000000002,6.58
18.240000000000002,6.6000000000000005
18.26,6.62
18.26,6.640000000000001
18.26,6.640000000000001
18.28,6.66
18.28,6.68
18.3,6.7
18.3,6.72
18.3,6.74
18.32,6.76
18.32,6.78
18.34,6.8
18.34,6.82
18.36,6.84
18.36,6.86
18.36,6.86
18.38,6.88
18.38,6.9
18.400000000000002,6.92
18.400000000000002,6.94
18.400000000000002,6.96
18.42,6.98
18.42,7.0
18.44,7.0200000000000005
18.44,7.04
18.44,7.0600000000000005
18.46,7.0600000000000005
18.46,7.08
18.48,7.1000000000000005
18.48,7.12
18.48,7.140000000000001
18.5,7.16
18.5,7.18
18.52,7.2
18.52,7.22
18.54,7.24
18.54,7.26
18.54,7.28
18.56,7.28
18.56,7.3
18.580000000000002,7.32
18.580000000000002,7.34
18.580000000000002,7.36
18.6,7.38
18.6,7.4
18.62,7.42
18.62,7.44
18.62,7.46
18.64,7.48
18.64,7.48
18.66,7.5
18.66,7.5200000000000005
18.66,7.54
18.68,7.5600000000000005
18.68,7.58
18.7,7.6000000000000005
18.7,7.62
18.7,7.640000000000001
18.72,7.66
18.72,7.68
18.740000000000002,7.7
18.740000000000002,7.7
18.76,7.72
18.76,7.74
18.76,7.76
18.78,7.78
18.78,7.8
18.8,7.82
18.8,7.84
18.8,7.86
18.82,7.88
18.82,7.9
18.84,7.9
18.84,7.92
18.84,7.94
18.86,7.96
18.86,7.98
18.88,8.0
18.88,8.02
18.88,8.040000000000001
18.900000000000002,8.06
18.900000000000002,8.08
18.92,8.1
18.92,8.120000000000001
18.92,8.120000000000001
18.94,8.14
18.94,8.16
18.96,8.18
18.96,8.2
18.98,8.22
18.98,8.24
18.98,8.26
19.0,8.28
19.0,8.3
19.02,8.32
19.02,8.32
19.02,8.34
19.04,8.36
19.04,8.38
19.06,8.4
19.06,8.42
19.06,8.44
19.080000000000002,8.46
19.080000000000002,8.48
19.1,8.5
19.1,8.52
19.1,8.540000000000001
19.12,8.540000000000001
19.12,8.56
19.14,8.58
19.14,8.6
19.14,8.620000000000001
19.16,8.64
19.16,8.66
19.18,8.68
19.18,8.700000000000001
19.2,8.72
19.2,8.74
19.2,8.74
19.22,8.76
19.22,8.78
19.240000000000002,8.8
19.240000000000002,8.82
19.240000000000002,8.84
19.26,8.86
19.26,8.88
19.28,8.9
19.28,8.92
19.28,8.94
19.3,8.96
19.3,8.96
19.3,8.98
19.32,9.0
19.32,9.02
19.32,9.040000000000001
19.34,9.06
19.34,9.08
19.34,9.1
19.34,9.120000000000001
19.34,9.14
19.34,9.16
19.36,9.18
19.36,9.200000000000001
19.36,9.22
19.36,9.24
19.36,9.26
19.36,9.28
19.36,9.3
19.36,9.32
19.36,9.34
19.36,9.36
19.36,9.38
19.36,9.4
19.36,9.42
19.34,9.44
19.34,9.46
19.34,9.48
19.34,9.5
19.34,9.52
19.34,9.540000000000001
19.32,9.56
19.32,9.58
19.32,9.6
19.3,9.620000000000001
19.3,9.64
19.3,9.66
19.28,9.68
19.28,9.700000000000001
19.28,9.72
19.26,9.72
19.26,9.74
19.240000000000002,9.76
19.240000000000002,9.78
19.240000000000002,9.8
19.22,9.82
19.22,9.84
19.2,9.86
19.2,9.88
19.2,9.9
19.18,9.92
19.18,9.94
19.16,9.94
19.16,9.96
19.14,9.98
19.14,10.0
19.14,10.02
19.12,10.040000000000001
19.12,10.06
19.1,10.08
19.1,10.1
19.1,10.120000000000001
19.080000000000002,10.14
19.080000000000002,10.14
19.06,10.16
19.06,10.18
19.06,10.200000000000001
19.04,10.22
19.04,10.24
19.02,10.26
19.02,10.28
19.02,10.3
19.0,10.32
19.0,10.34
18.98,10.36
18.98,10.36
18.98,10.38
18.96,10.4
18.96,10.42
18.94,10.44
18.94,10.46
18.92,10.48
18.92,10.5
18.92,10.52
18.900000000000002,10.540000000000001
18.900000000000002,10.56
18.88,10.56
18.88,10.58
18.88,10.6
18.86,10.620000000000001
18.86,10.64
18.84,10.66
18.84,10.68
18.84,10.700000000000001
18.82,10.72
18.82,10.74
18.8,10.76
18.8,10.78
18.8,10.78
18.78,10.8
18.78,10.82
18.76,10.84
18.76,10.86
18.76,10.88
18.740000000000002,10.9
18.740000000000002,10.92
18.72,10.94
18.72,10.96
18.7,10.98
18.7,10.98
18.7,11.0
18.68,11.02
18.68,11.040000000000001
18.66,11.06
18.66,11.08
18.66,11.1
18.64,11.120000000000001
18.64,11.14
18.62,11.16
18.62,11.18
18.62,11.200000000000001
18.6,11.200000000000001
18.6,11.22
18.580000000000002,11.24
18.580000000000002,11.26
18.580000000000002,11.28
18.56,11.3
18.56,11.32
18.54,11.34
18.54,11.36
18.54,11.38
18.52,11.4
18.52,11.4
18.5,11.42
18.5,11.44
18.48,11.46
18.48,11.48
18.48,11.5
18.46,11.52
18.46,11.540000000000001
18.44,11.56
18.44,11.58
18.42,11.58
18.42,11.6
18.400000000000002,11.620000000000001
18.400000000000002,11.64
18.38,11.66
18.36,11.66
18.36,11.68
18.34,11.700000000000001
18.32,11.72
18.32,11.74
18.3,11.74
18.28,11.76
18.28,11.78
18.26,11.78
18.240000000000002,11.8
18.240000000000002,11.82
18.22,11.84
18.2,11.84
18.18,11.86
18.18,11.88
18.16,11.88
18.14,11.9
18.14,11.92
18.12,11.94
18.1,11.94
18.1,11.96
18.080000000000002,11.98
18.06,11.98
18.04,12.0
18.04,12.02
18.02,12.02
18.0,12.040000000000001
17.98,12.040000000000001
17.96,12.06
17.96,12.08
17.94,12.08
17.92,12.1
17.900000000000002,12.1
17.88,12.120000000000001
17.86,12.120000000000001
17.84,12.14
17.82,12.14
17.82,12.14
17.8,12.16
17.78,12.16
17.76,12.18
17.740000000000002,12.18
17.72,12.18
17.7,12.200000000000001
17.68,12.200000000000001
17.66,12.200000000000001
17.64,12.200000000000001
17.62,12.22
17.6,12.22
17.580000000000002,12.22
17.56,12.22
17.54,12.24
17.52,12.24
17.5,12.24
17.48,12.24
17.46,12.26
17.44,12.26
17.42,12.26
17.400000000000002,12.26
17.38,12.26
17.36,12.280000000000001
17.34,12.280000000000001
17.32,12.280000000000001
17.32,12.280000000000001
17.3,12.280000000000001
17.28,12.3
17.26,12.3
17.240000000000002,12.3
17.22,12.3
17.2,12.3
17.18,12.3
17.16,12.3
17.14,12.3
17.12,12.3
17.1,12.3
17.080000000000002,12.3
17.06,12.3
17.04,12.3
17.02,12.3
17.0,12.280000000000001
16.98,12.280000000000001
16.96,12.280000000000001
16.94,12.280000000000001
16.92,12.280000000000001
16.9,12.26
16.88,12.26
16.86,12.26
16.84,12.26
16.82,12.24
16.8,12.24
16.78,12.24
16.76,12.22
16.740000000000002,12.22
16.72,12.22
16.7,12.200000000000001
16.68,12.200000000000001
16.68,12.18
16.66,12.18
16.64,12.16
16.62,12.16
16.6,12.14
16.580000000000002,12.14
16.56,12.120000000000001
16.56,12.120000000000001
16.54,12.1
16.52,12.1
16.5,12.08
16.48,12.08
16.46,12.06
16.44,12.040000000000001
16.44,12.040000000000001
16.42,12.02
16.4,12.02
16.38,12.0
16.36,12.0
16.34,11.98
16.32,11.98
16.32,11.96
16.3,11.96
16.28,11.94
16.26,11.94
16.240000000000002,11.92
16.22,11.92
16.2,11.9
16.2,11.9
16.18,11.88
16.16,11.88
16.14,11.86
16.12,11.86
16.1,11.84
16.080000000000002,11.84
16.080000000000002,11.82
16.06,11.8
16.04,11.8
16.02,11.78
16.0,11.78
15.98,11.76
15.98,11.76
15.96,11.74
15.94,11.74
15.92,11.72
15.9,11.72
15.88,11.700000000000001
15.88,11.68
15.860000000000001,11.68
15.84,11.66
15.82,11.64
15.82,11.64
15.8,11.620000000000001
15.780000000000001,11.6
15.76,11.6
15.76,11.58
15.74,11.56
15.72,11.540000000000001
15.72,11.540000000000001
15.700000000000001,11.52
15.700000000000001,11.5
15.68,11.48
15.66,11.46
15.66,11.46
15.64,11.44
15.64,11.42
15.620000000000001,11.4
15.620000000000001,11.38
15.6,11.36
15.6,11.34
15.58,11.34
15.58,11.32
15.58,11.3
15.56,11.28
15.56,11.26
15.540000000000001,11.24
15.540000000000001,11.22
15.540000000000001,11.200000000000001
15.540000000000001,11.18
15.52,11.16
15.52,11.14
15.52,11.120000000000001
15.52,11.1
15.5,11.08
15.5,11.06
15.5,11.040000000000001
15.5,11.02
15.5,11.0
15.5,10.98
15.5,10.96
15.5,10.94
15.5,10.92
15.5,10.9
15.5,10.88
15.5,10.86
15.5,10.84
15.5,10.82
15.5,10.8
15.5,10.78
15.5,10.76
15.5,10.74
15.5,10.72
15.5,10.700000000000001
15.5,10.68
15.5,10.66
15.5,10.64
15.5,10.620000000000001
15.5,10.6
15.5,10.58
15.5,10.56
15.5,10.540000000000001
15.5,10.52
15.5,10.5
15.5,10.48
15.5,10.46
15.5,10.44
15.5,10.42
15.52,10.4
15.52,10.38
15.52,10.36
15.52,10.34
15.52,10.32
15.52,10.3
15.52,10.28
15.52,10.26
15.52,10.24
15.52,10.22
15.52,10.200000000000001
15.52,10.18
15.52,10.16
15.52,10.14
15.52,10.120000000000001
15.52,10.1
15.52,10.08
15.52,10.06
15.52,10.040000000000001
15.52,10.02
15.52,10.0
15.52,9.98
15.52,9.96
15.52,9.94
15.52,9.92
15.52,9.9
15.540000000000001,9.88
15.540000000000001,9.86
15.540000000000001,9.84
15.540000000000001,9.82
15.540000000000001,9.8
15.540000000000001,9.78
15.540000000000001,9.76
15.540000000000001,9.74
15.540000000000001,9.72
15.540000000000001,9.700000000000001
15.540000000000001,9.68
15.540000000000001,9.66
15.540000000000001,9.64
15.540000000000001,9.620000000000001
15.540000000000001,9.6
15.540000000000001,9.58
15.540000000000001,9.56
15.540000000000001,9.540000000000001
15.540000000000001,9.52
15.540000000000001,9.5
15.540000000000001,9.48
15.540000000000001,9.46
15.540000000000001,9.44
15.540000000000001,9.42
15.540000000000001,9.4
15.540000000000001,9.38
15.56,9.36
15.56,9.34
15.56,9.32
15.56,9.3
15.56,9.28
15.56,9.26
15.56,9.24
15.56,9.22
15.56,9.200000000000001
15.56,9.18
15.56,9.16
15.56,9.14
15.56,9.120000000000001
15.56,9.1
15.56,9.08
15.56,9.06
15.56,9.040000000000001
15.56,9.02
15.56,9.0
15.56,8.98
15.56,8.96
15.56,8.94
15.56,8.92
15.56,8.9
15.56,8.88
15.56,8.86
15.58,8.84
15.58,8.82
15.58,8.8
15.58,8.78
15.58,8.76
15.58,8.74
15.58,8.72
15.58,8.700000000000001
15.58,8.68
15.58,8.66
15.58,8.64
15.58,8.620000000000001
15.58,8.6
15.58,8.58
15.58,8.56
15.58,8.540000000000001
15.58,8.52
15.58,8.5
15.58,8.48
15.58,8.46
15.58,8.44
15.58,8.42
15.58,8.4
15.58,8.38
15.58,8.36
15.58,8.34
15.6,8.32
15.6,8.3
15.6,8.28
15.6,8.26
15.6,8.24
15.6,8.22
15.6,8.2
15.6,8.18
15.6,8.16
15.6,8.14
15.6,8.120000000000001
15.6,8.1
15.6,8.08
15.6,8.06
15.6,8.040000000000001
15.6,8.02
15.6,8.0
15.6,7.98
15.6,7.96
15.6,7.94
15.6,7.92
15.6,7.9
15.6,7.88
15.6,7.86
15.6,7.84
15.6,7.82
15.620000000000001,7.8
15.620000000000001,7.78
15.620000000000001,7.76
15.620000000000001,7.74
15.620000000000001,7.72
15.620000000000001,7.7
15.620000000000001,7.68
15.620000000000001,7.66
15.620000000000001,7.640000000000001
15.620000000000001,7.62
15.620000000000001,7.6000000000000005
15.620000000000001,7.58
15.620000000000001,7.5600000000000005
15.620000000000001,7.54
15.620000000000001,7.5200000000000005
15.620000000000001,7.5
15.64,7.48
15.64,7.46
15.64,7.44
15.64,7.44
15.64,7.42
15.66,7.4
15.66,7.38
15.66,7.36
15.68,7.34
15.68,7.32
15.68,7.3
15.700000000000001,7.28
15.700000000000001,7.26
15.72,7.24
15.72,7.22
15.72,7.2
15.74,7.18
15.74,7.18
15.76,7.16
15.76,7.140000000000001
15.780000000000001,7.12
15.8,7.1000000000000005
15.8,7.08
15.82,7.08
15.82,7.0600000000000005
15.84,7.04
15.860000000000001,7.0200000000000005
15.860000000000001,7.0
15.88,7.0
15.88,6.98
15.9,6.96
15.92,6.94
15.92,6.92
15.94,6.92
15.94,6.9
15.96,6.88
15.98,6.86
15.98,6.84
16.0,6.84
16.0,6.82
16.02,6.8
16.02,6.78
16.04,6.76
16.06,6.74
16.06,6.74
16.06,6.72
16.080000000000002,6.7
16.080000000000002,6.68
16.1,6.66
16.1,6.640000000000001
16.12,6.62
16.12,6.6000000000000005
16.12,6.58
16.14,6.5600000000000005
16.14,6.54
16.14,6.5200000000000005
16.14,6.5
16.16,6.48
16.16,6.46
16.16,6.44
16.16,6.44
16.16,6.42
16.18,6.4
16.18,6.38
16.18,6.36
16.18,6.34
16.18,6.32
16.18,6.3
16.18,6.28
16.18,6.26
16.18,6.24
16.18,6.22
16.18,6.2
16.18,6.18
16.18,6.16
16.18,6.140000000000001
16.18,6.12
16.16,6.1000000000000005
16.16,6.08
16.16,6.0600000000000005
16.16,6.04
16.16,6.0200000000000005
16.14,6.0
16.14,5.98
16.14,5.96
16.14,5.94
16.12,5.92
16.12,5.9
16.1,5.88
16.1,5.86
16.1,5.84
16.080000000000002,5.82
16.080000000000002,5.8
16.06,5.78
16.06,5.78
16.04,5.76
16.04,5.74
16.02,5.72
16.02,5.7
16.0,5.68
16.0,5.68
15.98,5.66
15.98,5.64
15.96,5.62
15.94,5.6000000000000005
15.94,5.6000000000000005
15.92,5.58
15.9,5.5600000000000005
15.9,5.54
15.88,5.54
15.860000000000001,5.5200000000000005
15.84,5.5
15.84,5.5
15.82,5.48
15.8,5.46
15.780000000000001,5.46
15.76,5.44
15.76,5.44
15.74,5.42
15.72,5.42
15.700000000000001,5.4
15.68,5.38
15.68,5.38
15.66,5.36
15.64,5.36
15.620000000000001,5.34
15.6,5.34
15.58,5.32
15.58,5.32
15.56,5.3
15.540000000000001,5.28
15.52,5.28
15.5,5.26
15.48,5.26
15.46,5.24
15.46,5.24
15.44,5.22
15.42,5.22
15.4,5.22
15.38,5.2
15.36,5.2
15.34,5.2
15.32,5.18
15.3,5.18
15.280000000000001,5.18
15.26,5.16
15.24,5.16
15.22,5.16
15.200000000000001,5.16
15.18,5.14
15.16,5.14
15.14,5.14
15.120000000000001,5.14
15.1,5.14
15.08,5.14
15.06,5.14
15.040000000000001,5.14
15.02,5.14
15.0,5.14
14.98,5.14
14.96,5.14
14.94,5.14
14.92,5.14
14.9,5.14
14.88,5.14
14.86,5.14
14.84,5.14
14.82,5.14
14.8,5.14
14.780000000000001,5.16
14.76,5.16
14.76,5.16
14.74,5.16
14.72,5.18
14.700000000000001,5.18
14.68,5.18
14.66,5.2
14.64,5.2
14.620000000000001,5.2
14.6,5.22
14.58,5.22
14.56,5.22
14.540000000000001,5.24
14.52,5.24
14.5,5.26
14.48,5.26
14.46,5.26
14.46,5.28
14.44,5.28
14.42,5.28
14.4,5.3
14.38,5.3
14.36,5.32
14.34,5.32
14.32,5.34
14.3,5.34
14.280000000000001,5.36
14.280000000000001,5.36
14.26,5.38
14.24,5.38
14.22,5.4
14.200000000000001,5.4
14.18,5.42
14.18,5.44
14.16,5.44
14.14,5.46
14.120000000000001,5.46
14.120000000000001,5.48
14.1,5.5
14.08,5.5200000000000005
14.08,5.5200000000000005
14.06,5.54
14.040000000000001,5.5600000000000005
14.040000000000001,5.58
14.02,5.58
14.0,5.6000000000000005
14.0,5.62
13.98,5.64
13.96,5.64
13.96,5.66
13.94,5.68
13.94,5.7
13.92,5.72
13.92,5.74
13.9,5.76
13.9,5.78
13.9,5.78
13.88,5.8
13.88,5.82
13.86,5.84
13.86,5.86
13.86,5.88
13.84,5.9
13.84,5.92
13.84,5.94
13.82,5.96
13.82,5.98
13.82,6.0
13.8,6.0200000000000005
13.8,6.04
13.8,6.0600000000000005
13.780000000000001,6.0600000000000005
13.780000000000001,6.08
13.780000000000001,6.1000000000000005
13.76,6.12
13.76,6.140000000000001
13.76,6.16
13.74,6.18
13.74,6.2
13.74,6.22
13.72,6.24
13.72,6.26
13.72,6.28
13.700000000000001,6.3
13.700000000000001,6.32
13.700000000000001,6.34
13.68,6.36
13.68,6.38
13.68,6.4
13.66,6.4
13.66,6.42
13.66,6.44
13.64,6.46
13.64,6.48
13.64,6.5
13.620000000000001,6.5200000000000005
13.620000000000001,6.54
13.620000000000001,6.5600000000000005
13.6,6.58
13.6,6.6000000000000005
13.6,6.62
13.58,6.640000000000001
13.58,6.66
13.58,6.68
13.56,6.7
13.56,6.72
13.56,6.72
13.540000000000001,6.74
13.540000000000001,6.76
13.540000000000001,6.78
13.52,6.8
13.52,6.82
13.52,6.84
13.5,6.86
13.5,6.88
13.5,6.9
13.48,6.92
13.48,6.94
13.48,6.96
13.46,6.98
13.46,7.0
13.46,7.0200000000000005
13.44,7.04
13.44,7.04
13.44,7.0600000000000005
13.42,7.08
13.42,7.1000000000000005
13.42,7.12
13.4,7.140000000000001
13.4,7.16
13.4,7.18
13.38,7.2
13.38,7.22
13.38,7.24
13.36,7.26
13.36,7.28
13.36,7.3
13.34,7.32
13.34,7.34
13.34,7.36
13.32,7.38
13.32,7.38
13.32,7.4
13.3,7.42
13.3,7.44
13.3,7.46
13.280000000000001,7.48
13.280000000000001,7.5
13.280000000000001,7.5200000000000005
13.26,7.54
13.26,7.5600000000000005
13.26,7.58
13.24,7.6000000000000005
13.24,7.62
13.24,7.640000000000001
13.22,7.66
13.22,7.68
13.22,7.7
13.200000000000001,7.7
13.200000000000001,7.72
13.200000000000001,7.74
13.18,7.76
13.18,7.78
13.18,7.8
13.16,7.82
13.16,7.84
13.16,7.86
13.14,7.88
13.14,7.9
13.14,7.92
13.120000000000001,7.94
13.120000000000001,7.96
13.120000000000001,7.98
13.1,8.0
13.1,8.02
13.1,8.040000000000001
13.08,8.040000000000001
13.08,8.06
13.08,8.08
13.06,8.1
13.06,8.120000000000001
13.06,8.14
13.040000000000001,8.16
13.040000000000001,8.18
13.040000000000001,8.2
13.02,8.22
13.02,8.24
13.02,8.26
13.0,8.28
13.0,8.3
13.0,8.32
12.98,8.34
12.98,8.36
12.98,8.36
12.96,8.38
12.96,8.4
12.96,8.42
12.94,8.44
12.94,8.46
12.94,8.48
12.92,8.5
12.92,8.52
12.92,8.540000000000001
12.9,8.56
12.9,8.58
12.9,8.6
12.88,8.620000000000001
12.88,8.64
12.88,8.66
12.86,8.68
12.86,8.700000000000001
12.86,8.700000000000001
12.84,8.72
12.84,8.74
12.84,8.76
12.82,8.78
12.82,8.8
12.82,8.82
12.8,8.84
12.8,8.86
12.8,8.88
12.780000000000001,8.9
12.780000000000001,8.92
12.780000000000001,8.94
12.76,8.96
12.76,8.98
12.76,9.0
12.74,9.02
12.74,9.02
12.74,9.040000000000001
12.72,9.06
12.72,9.08
12.72,9.1
12.700000000000001,9.120000000000001
12.700000000000001,9.14
12.700000000000001,9.16
12.68,9.18
12.68,9.200000000000001
12.68,9.22
12.66,9.24
12.66,9.26
12.66,9.28
12.64,9.3
12.64,9.32
12.64,9.34
12.620000000000001,9.36
12.620000000000001,9.36
12.620000000000001,9.38
12.6,9.4
12.6,9.42
12.6,9.44
12.58,9.46
12.58,9.48
12.58,9.5
12.56,9.52
12.56,9.540000000000001
12.56,9.56
12.540000000000001,9.58
12.540000000000001,9.6
12.52,9.620000000000001
12.52,9.64
12.5,9.64
12.5,9.66
12.5,9.68
12.48,9.700000000000001
12.46,9.72
12.46,9.74
12.44,9.76
12.44,9.76
12.42,9.78
12.42,9.8
12.4,9.82
12.38,9.84
12.38,9.84
12.36,9.86
12.36,9.88
12.34,9.9
12.32,9.92
12.32,9.92
12.3,9.94
12.280000000000001,9.96
12.280000000000001,9.98
12.26,9.98
12.26,10.0
12.24,10.02
12.22,10.040000000000001
12.22,10.06
12.200000000000001,10.06
12.200000000000001,10.08
12.18,10.1
12.16,10.120000000000001
12.16,10.14
12.14,10.14
12.14,10.16
12.120000000000001,10.18
12.1,10.200000000000001
12.1,10.200000000000001
12.08,10.22
12.06,10.24
12.040000000000001,10.26
12.040000000000001,10.26
12.02,10.28
12.0,10.3
11.98,10.3
11.98,10.32
11.96,10.32
11.94,10.34
11.92,10.36
11.9,10.36
11.9,10.38
11.88,10.38
11.86,10.4
11.84,10.4
11.82,10.42
11.8,10.42
11.78,10.44
11.78,10.44
11.76,10.46
11.74,10.46
11.72,10.46
11.700000000000001,10.48
11.68,10.48
11.66,10.5
11.64,10.5
11.620000000000001,10.5
11.6,10.52
11.58,10.52
11.58,10.540000000000001
11.56,10.540000000000001
11.540000000000001,10.56
11.52,10.56
11.5,10.56
11.48,10.58
11.46,10.58
11.44,10.58
11.42,10.58
11.4,10.6
11.38,10.6
11.36,10.6
11.34,10.6
11.32,10.620000000000001
11.3,10.620000000000001
11.28,10.620000000000001
11.26,10.620000000000001
11.24,10.620000000000001
11.22,10.620000000000001
11.200000000000001,10.620000000000001
11.18,10.620000000000001
11.16,10.620000000000001
11.14,10.620000000000001
11.120000000000001,10.620000000000001
11.1,10.620000000000001
11.08,10.620000000000001
11.06,10.620000000000001
11.040000000000001,10.620000000000001
11.02,10.620000000000001
11.0,10.620000000000001
10.98,10.620000000000001
10.96,10.620000000000001
10.94,10.620000000000001
10.92,10.620000000000001
10.9,10.620000000000001
10.88,10.620000000000001
10.86,10.620000000000001
10.84,10.620000000000001
10.82,10.620000000000001
10.8,10.620000000000001
10.78,10.620000000000001
10.76,10.620000000000001
10.74,10.620000000000001
10.72,10.620000000000001
10.700000000000001,10.620000000000001
10.68,10.620000000000001
10.66,10.620000000000001
10.64,10.620000000000001
10.620000000000001,10.620000000000001
10.6,10.620000000000001
10.58,10.6
10.56,10.6
10.540000000000001,10.6
10.52,10.6
10.5,10.6
10.48,10.6
10.46,10.6
10.44,10.6
10.42,10.6
10.4,10.6
10.38,10.6
10.36,10.6
10.34,10.6
10.32,10.6
10.3,10.6
10.28,10.6
10.26,10.6
10.24,10.6
10.22,10.6
10.200000000000001,10.6
10.18,10.6
10.16,10.6
10.14,10.6
10.120000000000001,10.6
10.1,10.6
10.08,10.6
10.06,10.6
10.040000000000001,10.6
10.02,10.6
10.0,10.6
9.98,10.6
9.96,10.6
9.94,10.6
9.92,10.6
9.9,10.58
9.88,10.58
9.86,10.58
9.84,10.58
9.82,10.58
9.8,10.58
9.78,10.58
9.76,10.58
9.74,10.58
9.72,10.58
9.700000000000001,10.58
9.68,10.58
9.66,10.58
9.64,10.58
9.620000000000001,10.58
9.6,10.58
9.58,10.58
9.56,10.58
9.540000000000001,10.58
9.52,10.58
9.5,10.58
9.48,10.58
9.46,10.58
9.44,10.58
9.42,10.58
9.4,10.58
9.38,10.58
9.36,10.58
9.34,10.58
9.32,10.58
9.3,10.58
9.28,10.58
9.26,10.58
9.24,10.58
9.22,10.58
9.200000000000001,10.56
9.18,10.56
9.16,10.56
9.14,10.56
9.120000000000001,10.56
9.1,10.56
9.08,10.56
9.06,10.56
9.040000000000001,10.56
9.02,10.56
9.0,10.56
8.98,10.56
8.96,10.56
8.94,10.56
8.92,10.56
8.9,10.56
8.88,10.56
8.86,10.56
8.84,10.56
8.82,10.56
8.8,10.56
8.78,10.56
8.76,10.56
8.74,10.56
8.72,10.56
8.700000000000001,10.56
8.68,10.56
8.66,10.56
8.64,10.56
8.620000000000001,10.56
8.6,10.56
8.58,10.56
8.56,10.56
8.540000000000001,10.56
8.52,10.540000000000001
8.5,10.540000000000001
8.48,10.540000000000001
8.46,10.540000000000001
8.44,10.540000000000001
8.42,10.540000000000001
8.4,10.540000000000001
8.38,10.540000000000001
8.36,10.540000000000001
8.34,10.540000000000001
8.32,10.540000000000001
8.3,10.540000000000001
8.28,10.540000000000001
8.26,10.540000000000001
8.24,10.540000000000001
8.22,10.540000000000001
8.2,10.540000000000001
8.18,10.540000000000001
8.16,10.540000000000001
8.14,10.540000000000001
8.120000000000001,10.540000000000001
8.1,10.540000000000001
8.08,10.540000000000001
8.06,10.540000000000001
8.040000000000001,10.540000000000001
8.02,10.540000000000001
8.0,10.52
7.98,10.52
7.96,10.52
7.94,10.52
7.92,10.52
7.9,10.52
7.88,10.5
7.86,10.5
7.84,10.5
7.82,10.5
7.82,10.48
7.8,10.48
7.78,10.48
7.76,10.46
7.74,10.46
7.72,10.44
7.7,10.44
7.68,10.44
7.66,10.42
7.640000000000001,10.42
7.62,10.4
7.6000000000000005,10.4
7.6000000000000005,10.38
7.58,10.38
7.5600000000000005,10.38
7.54,10.36
7.5200000000000005,10.36
7.5,10.34
7.48,10.34
7.46,10.34
7.44,10.32
7.42,10.32
7.4,10.3
7.4,10.3
7.38,10.28
7.36,10.28
7.34,10.28
7.32,10.26
7.3,10.26
7.28,10.24
7.26,10.24
7.24,10.24
7.22,10.22
7.2,10.22
7.2,10.200000000000001
7.18,10.200000000000001
7.16,10.18
7.140000000000001,10.18
7.12,10.16
7.1000000000000005,10.14
7.1000000000000005,10.14
7.08,10.120000000000001
7.0600000000000005,10.120000000000001
7.04,10.1
7.0200000000000005,10.08
7.0200000000000005,10.08
7.0,10.06
6.98,10.040000000000001
6.96,10.040000000000001
6.96,10.02
6.94,10.0
6.92,10.0
6.92,9.98
6.9,9.96
6.9,9.94
6.88,9.92
6.86,9.92
6.86,9.9
6.84,9.88
6.84,9.86
6.82,9.84
6.82,9.82
6.8,9.82
6.8,9.8
6.78,9.78
6.78,9.76
6.76,9.74
6.76,9.72
6.76,9.700000000000001
6.74,9.68
6.74,9.66
6.74,9.64
6.72,9.620000000000001
6.72,9.6
6.72,9.58
6.7,9.56
6.7,9.540000000000001
6.7,9.52
6.7,9.52
6.7,9.5
6.68,9.48
6.68,9.46
6.68,9.44
6.68,9.42
6.68,9.4
6.68,9.38
6.68,9.36
6.68,9.34
6.68,9.32
6.68,9.3
6.68,9.28
6.68,9.26
6.68,9.24
6.68,9.22
6.68,9.200000000000001
6.7,9.18
6.7,9.16
6.7,9.14
6.7,9.120000000000001
6.7,9.1
6.72,9.08
6.72,9.06
6.72,9.040000000000001
6.72,9.02
6.74,9.0
6.74,8.98
6.76,8.96
6.76,8.94
6.76,8.92
6.78,8.9
6.78,8.88
6.8,8.86
6.8,8.86
6.82,8.84
6.82,8.82
6.84,8.8
6.84,8.78
6.86,8.76
6.86,8.74
6.88,8.72
6.88,8.72
6.88,8.700000000000001
6.9,8.68
6.9,8.66
6.92,8.64
6.92,8.620000000000001
6.94,8.6
6.94,8.6
6.96,8.58
6.96,8.56
6.98,8.540000000000001
6.98,8.52
7.0,8.5
7.0,8.48
7.0200000000000005,8.46
7.0200000000000005,8.46
7.04,8.44
7.04,8.42
7.0600000000000005,8.4
7.0600000000000005,8.38
7.08,8.36
7.08,8.34
7.1000000000000005,8.34
7.1000000000000005,8.32
7.12,8.3
7.12,8.28
7.140000000000001,8.26
7.140000000000001,8.24
7.16,8.22
7.16,8.2
7.18,8.2
7.18,8.18
7.2,8.16
7.2,8.14
7.22,8.120000000000001
7.22,8.1
7.24,8.08
7.24,8.06
7.26,8.06
7.26,8.040000000000001
7.28,8.02
7.28,8.0
7.3,7.98
7.3,7.96
7.32,7.94
7.32,7.94
7.34,7.92
7.34,7.9
7.36,7.88
7.36,7.86
7.38,7.84
7.38,7.82
7.4,7.8
7.4,7.8
7.42,7.78
7.42,7.76
7.44,7.74
7.44,7.72
7.44,7.7
7.46,7.68
7.46,7.66
7.48,7.640000000000001
7.48,7.62
7.48,7.6000000000000005
7.48,7.58
7.5,7.5600000000000005
7.5,7.54
7.5,7.54
7.5,7.5200000000000005
7.5200000000000005,7.5
7.5200000000000005,7.48
7.5200000000000005,7.46
7.5200000000000005,7.44
7.5200000000000005,7.42
7.5200000000000005,7.4
7.5200000000000005,7.38
7.5200000000000005,7.36
7.5200000000000005,7.34
7.5200000000000005,7.32
7.54,7.3
7.54,7.28
7.54,7.26
7.54,7.24
7.54,7.22
7.54,7.2
7.54,7.18
7.54,7.16
7.54,7.140000000000001
7.54,7.12
7.54,7.1000000000000005
7.54,7.08
7.5600000000000005,7.0600000000000005
7.5600000000000005,7.04
7.5600000000000005,7.0200000000000005
7.5600000000000005,7.0
7.5600000000000005,6.98
7.5600000000000005,6.96
7.5600000000000005,6.94
7.5600000000000005,6.92
7.5600000000000005,6.9
7.5600000000000005,6.88
7.5600000000000005,6.86
7.5600000000000005,6.84
7.5600000000000005,6.82
7.5600000000000005,6.8
7.5600000000000005,6.78
7.5600000000000005,6.76
7.5600000000000005,6.74
7.5600000000000005,6.72
7.54,6.7
7.54,6.68
7.54,6.66
7.54,6.640000000000001
7.54,6.62
7.5200000000000005,6.6000000000000005
7.5200000000000005,6.58
7.5200000000000005,6.5600000000000005
7.5200000000000005,6.54
7.5,6.5200000000000005
7.5,6.5
7.5,6.48
7.48,6.46
7.48,6.44
7.46,6.42
7.46,6.4
7.44,6.4
7.44,6.38
7.42,6.36
7.42,6.34
7.4,6.32
7.4,6.3
7.38,6.28
7.38,6.28
7.36,6.26
7.36,6.24
7.34,6.22
7.34,6.2
7.32,6.2
7.3,6.18
7.3,6.16
7.28,6.140000000000001
7.28,6.12
7.26,6.1000000000000005
7.26,6.1000000000000005
7.24,6.08
7.22,6.0600000000000005
7.22,6.04
7.2,6.0200000000000005
7.2,6.0
7.18,6.0
7.18,5.98
7.16,5.96
7.140000000000001,5.94
7.140000000000001,5.92
7.12,5.92
7.12,5.9
7.1000000000000005,5.88
7.1000000000000005,5.86
7.08,5.84
7.0600000000000005,5.82
7.0600000000000005,5.82
7.04,5.8
7.04,5.78
7.0200000000000005,5.76
7.0200000000000005,5.74
7.0,5.72
7.0,5.72
6.98,5.7
6.96,5.68
6.96,5.66
6.94,5.64
6.94,5.62
6.92,5.62
6.92,5.6000000000000005
6.9,5.58
6.88,5.5600000000000005
6.88,5.54
6.86,5.54
6.86,5.5200000000000005
6.84,5.5
6.84,5.48
6.82,5.46
6.8,5.44
6.8,5.44
6.78,5.42
6.78,5.4
6.76,5.38
6.76,5.36
6.74,5.34
6.74,5.34
6.72,5.32
6.7,5.3
6.7,5.28
6.68,5.26
6.68,5.26
6.66,5.24
6.66,5.22
6.640000000000001,5.2
6.62,5.18
6.62,5.16
6.6000000000000005,5.16
6.6000000000000005,5.14
6.58,5.12
6.58,5.1000000000000005
6.5600000000000005,5.08
6.54,5.0600000000000005
6.54,5.0600000000000005
6.5200000000000005,5.04
6.5200000000000005,5.0200000000000005
6.5,5.0
6.5,4.98
6.48,4.96
6.48,4.94
6.48,4.92
6.46,4.92
6.46,4.9
6.44,4.88
6.44,4.86
6.44,4.84
6.44,4.82
6.42,4.8
6.42,4.78
6.42,4.76
6.4,4.74
6.4,4.72
6.4,4.7
6.4,4.68
6.4,4.66
6.4,4.64
6.4,4.62
6.38,4.6000000000000005
6.38,4.58
6.38,4.5600000000000005
6.38,4.54
6.38,4.5200000000000005
6.38,4.5
6.38,4.48
6.38,4.46
6.38,4.44
6.38,4.42
6.4,4.4
6.4,4.38
6.4,4.36
6.4,4.34
6.4,4.32
6.4,4.3
6.42,4.28
6.42,4.26
6.42,4.24
6.42,4.22
6.44,4.2
6.44,4.18
6.44,4.16
6.46,4.16
6.46,4.14
6.48,4.12
6.48,4.1
6.48,4.08
6.5,4.0600000000000005
6.5,4.04
6.5200000000000005,4.0200000000000005
6.5200000000000005,4.0
6.54,3.98
6.54,3.98
6.5600000000000005,3.96
6.58,3.94
6.58,3.92
6.6000000000000005,3.9
6.6000000000000005,3.9
6.62,3.88
6.640000000000001,3.86
6.640000000000001,3.84
6.66,3.84
6.68,3.8200000000000003
6.68,3.8000000000000003
6.7,3.7800000000000002
6.72,3.7800000000000002
6.74,3.7600000000000002
6.74,3.7600000000000002
6.76,3.74
6.78,3.72
6.8,3.72
6.82,3.7
6.82,3.7
6.84,3.68
6.86,3.66
6.88,3.66
6.9,3.64
6.92,3.64
6.94,3.62
6.94,3.62
6.96,3.62
6.98,3.6
7.0,3.6
7.0200000000000005,3.58
7.04,3.58
7.0600000000000005,3.58
7.08,3.56
7.1000000000000005,3.56
7.12,3.56
7.140000000000001,3.56
7.16,3.54
7.18,3.54
7.2,3.54
7.22,3.54
7.24,3.54
7.26,3.52
7.28,3.52
7.3,3.52
7.32,3.52
7.34,3.52
7.36,3.52
7.38,3.52
7.4,3.52
7.42,3.52
7.44,3.52
7.46,3.52
7.48,3.52
7.5,3.52
7.5200000000000005,3.52
7.54,3.54
7.5600000000000005,3.54
7.58,3.54
7.6000000000000005,3.54
7.62,3.54
7.640000000000001,3.56
7.640000000000001,3.56
7.66,3.56
7.68,3.56
7.7,3.58
7.72,3.58
7.74,3.58
7.76,3.6
7.78,3.6
7.8,3.6
7.82,3.62
7.84,3.62
7.86,3.64
7.88,3.64
7.88,3.66
7.9,3.66
7.92,3.68
7.94,3.68
7.96,3.7
7.98,3.72
7.98,3.72
8.0,3.74
8.02,3.74
8.040000000000001,3.7600000000000002
8.06,3.7800000000000002
8.06,3.7800000000000002
8.08,3.8000000000000003
8.1,3.8200000000000003
8.120000000000001,3.8200000000000003
8.120000000000001,3.84
8.14,3.86
8.16,3.86
8.18,3.88
8.18,3.88
8.2,3.9
8.22,3.92
8.24,3.92
8.24,3.94
8.26,3.96
8.28,3.96
8.3,3.98
8.3,4.0
8.32,4.0
8.34,4.0200000000000005
8.36,4.04
8.36,4.04
8.38,4.0600000000000005
8.4,4.08
8.42,4.08
8.44,4.1
8.44,4.12
8.46,4.12
8.48,4.14
8.5,4.14
8.5,4.16
8.52,4.18
8.540000000000001,4.18
8.56,4.2
8.56,4.22
8.58,4.22
8.6,4.24
8.620000000000001,4.26
8.620000000000001,4.26
8.64,4.28
8.66,4.3
8.68,4.3
8.68,4.32
8.700000000000001,4.34
8.72,4.34
8.74,4.36
8.74,4.38
8.76,4.38
8.78,4.4
8.8,4.4
8.82,4.42
8.82,4.44
8.84,4.44
8.86,4.46
8.88,4.48
8.88,4.48
8.9,4.5
8.92,4.5200000000000005
8.94,4.5200000000000005
8.94,4.54
8.96,4.5600000000000005
8.98,4.5600000000000005
9.0,4.58
9.0,4.6000000000000005
9.02,4.6000000000000005
9.040000000000001,4.62
9.06,4.64
9.06,4.64
9.08,4.66
9.1,4.66
9.120000000000001,4.68
9.120000000000001,4.7
9.14,4.7
9.16,4.72
9.18,4.74
9.200000000000001,4.74
9.200000000000001,4.76
9.22,4.78
9.24,4.78
9.26,4.8
9.26,4.82
9.28,4.82
9.3,4.84
9.32,4.86
9.32,4.86
9.34,4.88
9.36,4.9
9.38,4.9
9.38,4.92
9.4,4.92
9.42,4.94
9.44,4.96
9.44,4.96
9.46,4.98
9.48,5.0
9.5,5.0
9.5,5.0200000000000005
9.52,5.04
9.540000000000001,5.04
9.56,5.0600000000000005
9.58,5.08
9.58,5.08
9.6,5.1000000000000005
9.620000000000001,5.12
9.64,5.12
9.64,5.14
9.66,5.16
9.68,5.16
9.700000000000001,5.18
9.700000000000001,5.18
9.72,5.2
9.74,5.22
9.76,5.22
9.76,5.24
9.78,5.26
9.8,5.26
9.82,5.28
9.82,5.3
9.84,5.3
9.86,5.32
9.88,5.34
9.88,5.34
9.9,5.36
9.92,5.38
9.94,5.38
9.96,5.4
9.96,5.42
9.98,5.42
10.0,5.44
10.02,5.44
10.02,5.46
10.040000000000001,5.48
10.06,5.48
10.08,5.5
10.08,5.5200000000000005
10.1,5.5200000000000005
10.120000000000001,5.54
10.14,5.5600000000000005
10.14,5.5600000000000005
10.16,5.58
10.18,5.6000000000000005
10.200000000000001,5.6000000000000005
10.200000000000001,5.62
10.22,5.64
10.24,5.64
10.26,5.66
10.26,5.68
10.28,5.68
10.3,5.7
10.32,5.7
10.34,5.72
10.34,5.74
10.36,5.74
10.38,5.76
10.4,5.78
10.4,5.78
10.42,5.8
10.44,5.82
10.46,5.82
10.46,5.84
10.48,5.86
10.5,5.86
10.52,5.88
10.52,5.9
10.540000000000001,5.9
10.56,5.92
10.58,5.94
10.58,5.94
10.6,5.96
10.620000000000001,5.96
10.64,5.98
10.64,6.0
10.66,6.0
10.68,6.0200000000000005
10.700000000000001,6.04
10.700000000000001,6.04
10.72,6.0600000000000005
10.74,6.08
10.76,6.08
10.78,6.1000000000000005
10.78,6.12
10.8,6.12
10.82,6.140000000000001
10.84,6.16
10.84,6.16
10.86,6.18
10.88,6.2
10.9,6.2
10.9,6.22
10.92,6.22
10.94,6.24
10.96,6.26
10.96,6.26
10.98,6.28
11.0,6.3
11.02,6.3
11.02,6.32
11.040000000000001,6.34
11.06,6.34
11.08,6.36
11.08,6.38
11.1,6.38
11.120000000000001,6.4
11.14,6.42
11.16,6.42
11.16,6.44
11.18,6.46
11.200000000000001,6.46
11.22,6.48
11.22,6.48
11.24,6.5
11.26,6.5200000000000005
11.28,6.5200000000000005
11.28,6.54
11.3,6.5600000000000005
11.32,6.5600000000000005
11.34,6.58
11.34,6.6000000000000005
11.36,6.6000000000000005
11.38,6.62
11.4,6.640000000000001
11.4,6.640000000000001
11.42,6.66
11.44,6.68
11.46,6.68
11.46,6.7
11.48,6.72
11.5,6.72
11.52,6.74
11.540000000000001,6.74
11.540000000000001,6.76
11.56,6.78
11.58,6.78
11.6,6.8
11.6,6.82
11.620000000000001,6.82
11.64,6.84
11.66,6.86
11.66,6.86
11.68,6.88
11.700000000000001,6.9
11.72,6.9
11.72,6.92
11.74,6.94
11.76,6.94
11.78,6.96
11.78,6.98
11.8,6.98
11.82,7.0
11.84,7.0200000000000005
11.84,7.0200000000000005
11.86,7.04
11.88,7.0600000000000005
11.88,7.08
11.9,7.08
11.92,7.1000000000000005
11.92,7.12
11.94,7.140000000000001
11.94,7.16
11.96,7.16
11.96,7.18
11.98,7.2
12.0,7.22
12.0,7.24
12.0,7.26
12.02,7.28
12.02,7.28
12.040000000000001,7.3
12.040000000000001,7.32
12.06,7.34
12.06,7.36
12.08,7.38
12.08,7.4
12.1,7.42
12.1,7.44
12.120000000000001,7.44
12.120000000000001,7.46
12.14,7.48
12.14,7.5
12.14,7.5200000000000005
12.16,7.54
12.16,7.5600000000000005
12.18,7.58
12.18,7.58
12.200000000000001,7.6000000000000005
12.200000000000001,7.62
12.22,7.640000000000001
12.22,7.66
12.24,7.68
12.24,7.7
12.26,7.72
12.26,7.74
12.26,7.74
12.280000000000001,7.76
12.280000000000001,7.78
12.3,7.8
12.3,7.82
12.32,7.84
12.32,7.86
12.34,7.88
12.34,7.9
12.36,7.9
12.36,7.92
12.38,7.94
12.38,7.96
12.4,7.98
12.4,8.0
12.4,8.02
12.42,8.040000000000001
12.42,8.06
12.44,8.06
12.44,8.08
12.46,8.1
12.46,8.120000000000001
12.48,8.14
12.48,8.16
12.5,8.18
12.5,8.2
12.52,8.2
12.52,8.22
12.52,8.24
12.540000000000001,8.26
12.540000000000001,8.28
12.56,8.3
12.56,8.32
12.56,8.34
12.58,8.36
12.58,8.38
12.58,8.4
12.58,8.42
12.6,8.44
12.6,8.46
12.6,8.48
12.6,8.5
12.6,8.52
12.6,8.540000000000001
12.620000000000001,8.56
12.620000000000001,8.58
12.620000000000001,8.6
12.620000000000001,8.620000000000001
12.620000000000001,8.64
12.620000000000001,8.66
12.620000000000001,8.68
12.620000000000001,8.700000000000001
12.620000000000001,8.72
12.620000000000001,8.74
12.620000000000001,8.76
12.620000000000001,8.78
12.620000000000001,8.8
12.620000000000001,8.82
12.620000000000001,8.84
12.64,8.86
12.64,8.88
12.64,8.9
12.64,8.92
12.64,8.94
12.64,8.96
12.64,8.98
12.64,9.0
12.64,9.02
12.64,9.040000000000001
12.64,9.06
12.64,9.08
12.64,9.1
12.64,9.120000000000001
12.64,9.14
12.64,9.16
12.66,9.18
12.66,9.200000000000001
12.66,9.22
12.66,9.24
12.66,9.26
12.66,9.28
12.66,9.3
12.66,9.32
12.66,9.34
12.66,9.36
12.66,9.38
12.66,9.4
12.66,9.42
12.66,9.44
12.66,9.46
12.66,9.48
12.68,9.5
12.68,9.52
12.68,9.540000000000001
12.68,9.56
12.68,9.58
12.68,9.6
12.68,9.620000000000001
12.68,9.64
12.68,9.66
12.68,9.68
12.68,9.700000000000001
12.68,9.72
12.68,9.74
12.68,9.76
12.68,9.78
12.700000000000001,9.8
12.700000000000001,9.82
12.700000000000001,9.84
12.700000000000001,9.86
12.700000000000001,9.88
12.700000000000001,9.9
12.700000000000001,9.92
12.700000000000001,9.94
12.700000000000001,9.96
12.700000000000001,9.98
12.700000000000001,10.0
12.700000000000001,10.02
12.700000000000001,10.040000000000001
12.700000000000001,10.06
12.700000000000001,10.08
12.700000000000001,10.1
12.72,10.120000000000001
12.72,10.14
12.72,10.16
12.72,10.18
12.72,10.200000000000001
12.72,10.22
12.72,10.24
12.72,10.26
12.72,10.28
12.72,10.28
12.72,10.3
12.72,10.32
12.72,10.34
12.72,10.36
12.72,10.38
12.72,10.4
12.74,10.42
12.74,10.44
12.74,10.46
12.74,10.48
12.74,10.5
12.74,10.52
12.74,10.540000000000001
12.74,10.56
12.74,10.58
12.74,10.6
12.74,10.620000000000001
12.74,10.64
12.74,10.66
12.74,10.68
12.74,10.700000000000001
12.74,10.72
12.76,10.74
12.76,10.76
12.76,10.78
12.76,10.8
12.76,10.82
12.76,10.84
12.76,10.86
12.76,10.88
12.76,10.9
12.76,10.92
12.76,10.94
12.76,10.96
12.76,10.98
12.76,11.0
12.76,11.02
12.76,11.040000000000001
12.780000000000001,11.06
12.780000000000001,11.08
12.780000000000001,11.1
12.780000000000001,11.120000000000001
12.780000000000001,11.14
12.780000000000001,11.16
12.780000000000001,11.18
12.780000000000001,11.200000000000001
12.780000000000001,11.22
12.780000000000001,11.24
12.780000000000001,11.26
12.780000000000001,11.28
12.780000000000001,11.3
12.780000000000001,11.32
12.780000000000001,11.34
12.780000000000001,11.36
12.8,11.38
12.8,11.4
12.8,11.42
12.8,11.44
12.8,11.46
12.8,11.48
12.8,11.5
12.8,11.52
12.8,11.540000000000001
12.780000000000001,11.56
12.780000000000001,11.58
12.780000000000001,11.6
12.780000000000001,11.620000000000001
12.780000000000001,11.64
12.780000000000001,11.66
12.780000000000001,11.68
12.76,11.700000000000001
12.76,11.72
12.76,11.74
12.76,11.76
12.74,11.78
12.74,11.8
12.74,11.82
12.72,11.84
12.72,11.86
12.700000000000001,11.88
12.700000000000001,11.9
12.700000000000001,11.92
12.68,11.92
12.68,11.94
12.66,11.96
12.66,11.98
12.64,12.0
12.64,12.02
12.620000000000001,12.040000000000001
12.620000000000001,12.040000000000001
12.6,12.06
12.58,12.08
12.58,12.1
12.56,12.120000000000001
12.540000000000001,12.120000000000001
12.540000000000001,12.14
12.52,12.16
12.5,12.18
12.5,12.18
12.48,12.200000000000001
12.46,12.22
12.46,12.22
12.44,12.24
12.42,12.26
12.4,12.280000000000001
12.4,12.280000000000001
12.38,12.3
12.36,12.32
12.36,12.32
12.34,12.34
12.32,12.36
12.32,12.38
12.3,12.38
12.280000000000001,12.4
12.26,12.42
12.26,12.42
12.24,12.44
12.22,12.46
12.200000000000001,12.46
12.200000000000001,12.48
12.18,12.5
12.16,12.5
12.14,12.52
12.120000000000001,12.52
12.120000000000001,12.540000000000001
12.1,12.540000000000001
12.08,12.56
12.06,12.56
12.040000000000001,12.58
12.02,12.58
12.0,12.6
11.98,12.6
11.96,12.6
11.94,12.620000000000001
11.94,12.620000000000001
11.92,12.620000000000001
11.9,12.64
11.88,12.64
11.86,12.64
11.84,12.66
11.82,12.66
11.8,12.66
11.78,12.66
11.76,12.66
11.74,12.68
11.72,12.68
11.700000000000001,12.68
11.68,12.68
11.66,12.68
11.64,12.68
11.620000000000001,12.68
11.6,12.68
11.58,12.68
11.56,12.68
11.540000000000001,12.68
11.52,12.68
11.5,12.68
11.48,12.68
11.46,12.68
11.44,12.68
11.42,12.68
11.4,12.68
11.38,12.68
11.36,12.68
11.34,12.68
11.32,12.66
11.3,12.66
11.28,12.66
11.26,12.66
11.24,12.66
11.22,12.66
11.200000000000001,12.66
11.18,12.66
11.16,12.66
11.14,12.66
11.120000000000001,12.66
11.1,12.66
11.08,12.66
11.06,12.66
11.040000000000001,12.66
11.02,12.64
11.0,12.64
10.98,12.64
10.96,12.64
10.94,12.64
10.92,12.64
10.9,12.64
10.88,12.64
10.86,12.64
10.84,12.64
10.82,12.64
10.8,12.64
10.78,12.64
10.76,12.64
10.74,12.64
10.72,12.620000000000001
10.700000000000001,12.620000000000001
10.68,12.620000000000001
10.66,12.620000000000001
10.64,12.620000000000001
10.620000000000001,12.620000000000001
10.6,12.620000000000001
10.58,12.620000000000001
10.56,12.620000000000001
10.540000000000001,12.620000000000001
10.52,12.620000000000001
10.5,12.620000000000001
10.48,12.620000000000001
10.46,12.620000000000001
10.44,12.620000000000001
10.42,12.620000000000001
10.4,12.6
10.38,12.6
10.36,12.6
10.34,12.6
10.32,12.6
10.3,12.6
10.28,12.6
10.26,12.6
10.24,12.6
10.22,12.6
10.200000000000001,12.6
10.18,12.6
10.16,12.6
10.14,12.6
10.120000000000001,12.6
10.1,12.58
10.08,12.58
10.06,12.58
10.040000000000001,12.58
10.02,12.58
10.0,12.58
9.98,12.58
9.96,12.58
9.94,12.58
9.92,12.58
9.9,12.58
9.88,12.58
9.86,12.58
9.84,12.58
9.82,12.58
9.8,12.56
9.78,12.56
9.76,12.56
9.74,12.56
9.72,12.56
9.700000000000001,12.56
9.68,12.56
9.66,12.56
9.64,12.56
9.620000000000001,12.56
9.6,12.56
9.58,12.56
9.56,12.56
9.540000000000001,12.56
9.52,12.56
9.5,12.540000000000001
9.48,12.540000000000001
9.46,12.540000000000001
9.44,12.540000000000001
9.42,12.540000000000001
9.4,12.540000000000001
9.38,12.540000000000001
9.36,12.540000000000001
9.34,12.540000000000001
9.32,12.540000000000001
9.3,12.540000000000001
9.28,12.540000000000001
9.26,12.540000000000001
9.24,12.540000000000001
9.22,12.540000000000001
9.200000000000001,12.52
9.18,12.52
9.16,12.52
9.14,12.52
9.120000000000001,12.52
9.1,12.52
9.08,12.52
9.06,12.52
9.040000000000001,12.52
9.02,12.52
9.0,12.52
8.98,12.52
8.96,12.52
8.94,12.52
8.92,12.52
8.9,12.5
8.88,12.5
8.86,12.5
8.84,12.5
8.82,12.5
8.8,12.5
8.78,12.5
8.76,12.5
8.74,12.5
8.72,12.5
8.700000000000001,12.5
8.68,12.5
8.66,12.5
8.64,12.5
8.620000000000001,12.5
8.6,12.5
8.58,12.48
8.56,12.48
8.540000000000001,12.48
8.52,12.48
8.5,12.48
8.48,12.48
8.46,12.48
8.44,12.48
8.42,12.48
8.4,12.48
8.38,12.48
8.36,12.48
8.34,12.48
8.32,12.48
8.3,12.48
8.28,12.46
8.26,12.46
8.24,12.46
8.22,12.46
8.2,12.46
8.18,12.46
8.16,12.46
8.14,12.46
8.120000000000001,12.46
8.1,12.46
8.08,12.46
8.06,12.46
8.040000000000001,12.46
8.02,12.46
8.0,12.46
7.98,12.44
7.96,12.44
7.94,12.44
7.92,12.44
7.9,12.44
7.88,12.44
7.86,12.44
7.84,12.44
7.82,12.44
7.8,12.44
7.78,12.44
7.76,12.44
7.74,12.44
7.72,12.44
7.7,12.44
7.68,12.42
7.66,12.42
7.640000000000001,12.42
7.62,12.42
7.6000000000000005,12.42
7.58,12.42
7.5600000000000005,12.42
7.54,12.42
7.5200000000000005,12.42
7.5,12.42
7.48,12.42
7.46,12.42
7.44,12.42
7.42,12.42
7.4,12.42
7.38,12.4
7.36,12.4
7.34,12.4
7.32,12.4
7.3,12.4
7.28,12.4
7.26,12.4
7.24,12.4
7.22,12.4
7.2,12.4
7.18,12.4
7.16,12.4
7.140000000000001,12.4
7.12,12.4
7.1000000000000005,12.4
7.08,12.38
7.0600000000000005,12.38
7.04,12.38
7.0200000000000005,12.38
7.0,12.38
6.98,12.38
6.96,12.38
6.94,12.38
6.92,12.38
6.9,12.38
6.88,12.38
6.86,12.38
6.84,12.38
6.82,12.38
6.8,12.38
6.78,12.36
6.76,12.36
6.74,12.36
6.72,12.36
6.7,12.36
6.68,12.36
6.66,12.36
6.640000000000001,12.36
6.62,12.36
6.6000000000000005,12.36
6.58,12.36
6.5600000000000005,12.36
6.54,12.36
6.5200000000000005,12.36
6.5,12.36
6.48,12.36
6.46,12.34
6.44,12.34
6.42,12.34
6.4,12.34
6.38,12.34
6.36,12.34
6.34,12.34
6.32,12.34
6.3,12.34
6.28,12.34
6.26,12.34
6.24,12.34
6.22,12.34
6.2,12.34
6.18,12.34
6.16,12.32
6.140000000000001,12.32
6.12,12.32
6.1000000000000005,12.32
6.08,12.32
6.08,12.32
6.0600000000000005,12.32
6.04,12.32
6.0200000000000005,12.32
6.0,12.32
5.98,12.32
5.96,12.32
5.94,12.32
5.92,12.32
5.9,12.32
5.88,12.3
5.86,12.3
5.84,12.3
5.82,12.3
5.8,12.3
5.78,12.3
5.76,12.3
5.74,12.3
5.72,12.3
5.7,12.3
5.68,12.3
5.66,12.3
5.64,12.3
5.62,12.3
5.6000000000000005,12.3
5.58,12.280000000000001
5.5600000000000005,12.280000000000001
5.54,12.280000000000001
5.5200000000000005,12.280000000000001
5.5,12.280000000000001
5.48,12.280000000000001
5.46,12.280000000000001
5.44,12.280000000000001
5.42,12.280000000000001
5.4,12.280000000000001
5.38,12.280000000000001
5.36,12.280000000000001
5.34,12.280000000000001
5.32,12.280000000000001
5.3,12.280000000000001
5.28,12.26
5.26,12.26
5.24,12.26
5.22,12.26
5.2,12.26
5.18,12.26
5.16,12.26
5.14,12.26
5.12,12.26
5.1000000000000005,12.26
5.08,12.26
5.0600000000000005,12.26
5.04,12.26
5.0200000000000005,12.26
5.0,12.26
4.98,12.24
4.96,12.24
4.94,12.24
4.92,12.24
4.9,12.24
4.88,12.24
4.86,12.24
4.84,12.24
4.82,12.24
4.8,12.24
4.78,12.24
4.76,12.24
4.74,12.24
4.72,12.24
4.7,12.24
4.68,12.24
4.66,12.22
4.64,12.22
4.62,12.22
4.6000000000000005,12.22
4.58,12.22
4.5600000000000005,12.22
4.54,12.22
4.5200000000000005,12.22
4.5,12.22
4.48,12.22
4.46,12.22
4.44,12.22
4.42,12.22
4.4,12.22
4.38,12.22
4.36,12.200000000000001
4.34,12.200000000000001
4.32,12.200000000000001
4.3,12.200000000000001
4.28,12.200000000000001
4.26,12.200000000000001
4.24,12.18
4.22,12.18
4.2,12.18
4.18,12.18
4.16,12.16
4.14,12.16
4.12,12.16
4.1,12.14
4.08,12.14
4.0600000000000005,12.14
4.04,12.120000000000001
4.0200000000000005,12.120000000000001
4.0,12.1
4.0,12.1
3.98,12.1
3.96,12.08
3.94,12.08
3.92,12.06
3.9,12.06
3.88,12.06
3.86,12.040000000000001
3.84,12.040000000000001
3.8200000000000003,12.02
3.8000000000000003,12.02
3.8000000000000003,12.0
3.7800000000000002,12.0
3.7600000000000002,12.0
3.74,11.98
3.72,11.98
3.7,11.96
3.68,11.96
3.66,11.96
3.64,11.94
3.62,11.94
3.6,11.92
3.6,11.92
3.58,11.9
3.56,11.9
3.54,11.9
3.52,11.88
3.5,11.88
3.48,11.86
3.46,11.86
3.44,11.86
3.42,11.84
3.4,11.84
3.4,11.82
3.38,11.82
3.36,11.82
3.34,11.8
3.3200000000000003,11.8
3.3000000000000003,11.78
3.2800000000000002,11.78
3.2600000000000002,11.76
3.24,11.76
3.24,11.74
3.22,11.74
3.2,11.72
3.18,11.72
3.16,11.700000000000001
3.14,11.68
3.14,11.68
3.12,11.66
3.1,11.66
3.08,11.64
3.08,11.620000000000001
3.06,11.620000000000001
3.04,11.6
3.02,11.58
3.02,11.56
3.0,11.56
2.98,11.540000000000001
2.98,11.52
2.96,11.5
2.94,11.5
2.94,11.48
2.92,11.46
2.9,11.44
2.9,11.44
2.88,11.42
2.86,11.4
2.86,11.38
2.84,11.38
2.82,11.36
2.82,11.34
2.8000000000000003,11.32
2.7800000000000002,11.32
2.7800000000000002,11.3
2.7600000000000002,11.28
2.74,11.26
2.74,11.26
2.72,11.24
2.7,11.22
2.7,11.22
2.68,11.200000000000001
2.66,11.18
2.66,11.16
2.64,11.16
2.62,11.14
2.62,11.120000000000001
2.6,11.1
2.58,11.1
2.58,11.08
2.56,11.06
2.54,11.040000000000001
2.54,11.040000000000001
2.52,11.02
2.52,11.0
2.5,10.98
2.48,10.98
2.48,10.96
2.46,10.94
2.44,10.92
2.44,10.92
2.42,10.9
2.4,10.88
2.4,10.86
2.38,10.86
2.36,10.84
2.36,10.82
2.34,10.8
2.32,10.78
2.32,10.78
2.3000000000000003,10.76
2.3000000000000003,10.74
2.2800000000000002,10.72
2.2800000000000002,10.700000000000001
2.2600000000000002,10.68
2.2600000000000002,10.68
2.24,10.66
2.24,10.64
2.22,10.620000000000001
2.22,10.6
2.2,10.58
2.2,10.56
2.2,10.540000000000001
2.18,10.52
2.18,10.5
2.18,10.48
2.16,10.46
2.16,10.46
2.16,10.44
2.14,10.42
2.14,10.4
2.14,10.38
2.12,10.36
2.12,10.34
2.12,10.32
2.1,10.3
2.1,10.28
2.1,10.26
2.08,10.24
2.08,10.22
2.08,10.200000000000001
2.06,10.18
2.06,10.16
2.04,10.14
2.04,10.14
2.04,10.120000000000001
2.02,10.1
2.02,10.08
2.02,10.06
2.0,10.040000000000001
2.0,10.02
2.0,10.0
1.98,9.98
1.98,9.96
1.98,9.94
1.96,9.92
1.96,9.9
1.96,9.88
1.94,9.86
1.94,9.84
1.94,9.82
1.92,9.82
1.92,9.8
1.92,9.78
1.9000000000000001,9.76
1.9000000000000001,9.74
1.9000000000000001,9.72
1.8800000000000001,9.700000000000001
1.8800000000000001,9.68
1.8800000000000001,9.66
1.86,9.64
1.86,9.620000000000001
1.86,9.6
1.84,9.58
1.84,9.56
1.84,9.540000000000001
1.82,9.52
1.82,9.5
1.82,9.5
1.8,9.48
1.8,9.46
1.8,9.44
1.78,9.42
1.78,9.4
1.78,9.38
1.76,9.36
1.76,9.34
1.76,9.32
1.74,9.3
1.74,9.28
1.74,9.26
1.72,9.24
1.72,9.22
1.72,9.200000000000001
1.7,9.18
1.7,9.18
1.7,9.16
1.68,9.14
1.68,9.120000000000001
1.68,9.1
1.6600000000000001,9.08
1.6600000000000001,9.06
1.6600000000000001,9.040000000000001
1.6400000000000001,9.02
1.6400000000000001,9.0
1.6400000000000001,8.98
1.62,8.96
1.62,8.94
1.62,8.92
1.6,8.9
1.6,8.88
1.6,8.86
1.58,8.86
1.58,8.84
1.56,8.82
1.56,8.8
1.56,8.78
1.54,8.76
1.54,8.74
1.54,8.72
1.52,8.700000000000001
1.52,8.68
1.52,8.66
1.5,8.64
1.5,8.620000000000001
1.5,8.6
1.48,8.58
1.48,8.56
1.48,8.540000000000001
1.46,8.540000000000001
1.46,8.52
1.46,8.5
1.44,8.48
1.44,8.46
1.44,8.44
1.42,8.42
1.42,8.4
1.42,8.38
1.4000000000000001,8.36
1.4000000000000001,8.34
1.4000000000000001,8.32
1.3800000000000001,8.3
1.3800000000000001,8.28
1.3800000000000001,8.26
1.36,8.24
1.36,8.22
1.36,8.22
1.34,8.2
1.34,8.18
1.34,8.16
1.32,8.14
1.32,8.120000000000001
1.32,8.1
1.3,8.08
1.3,8.06
1.3,8.040000000000001
1.28,8.02
1.28,8.0
1.28,7.98
1.26,7.96
1.26,7.94
1.26,7.92
1.24,7.9
1.24,7.88
1.24,7.88
1.22,7.86
1.22,7.84
1.22,7.82
1.22,7.8
1.22,7.78
1.22,7.76
1.2,7.74
1.2,7.72
1.2,7.7
1.2,7.68
1.2,7.66
1.2,7.640000000000001
1.2,7.62
1.2,7.6000000000000005
1.2,7.58
1.2,7.5600000000000005
1.2,7.54
1.2,7.5200000000000005
1.2,7.5
1.2,7.48
1.2,7.46
1.2,7.44
1.2,7.42
1.2,7.4
1.2,7.38
1.2,7.36
1.2,7.34
1.2,7.32
1.2,7.3
1.2,7.28
1.2,7.26
1.2,7.24
1.2,7.22
1.2,7.2
1.2,7.18
1.2,7.16
1.2,7.140000000000001
1.2,7.12
1.2,7.1000000000000005
1.2,7.08
1.2,7.0600000000000005
1.2,7.04
1.2,7.0200000000000005
1.2,7.0
1.2,6.98
1.2,6.96
1.22,6.94
1.22,6.92
1.22,6.9
1.22,6.88
1.22,6.86
1.22,6.84
1.22,6.82
1.22,6.8
1.22,6.78
1.22,6.76
1.22,6.74
1.22,6.72
1.22,6.7
1.22,6.68
1.22,6.66
1.22,6.640000000000001
1.22,6.62
1.22,6.6000000000000005
1.22,6.58
1.22,6.5600000000000005
1.22,6.54
1.22,6.5200000000000005
1.22,6.5
1.22,6.48
1.22,6.46
1.22,6.44
1.22,6.42
1.22,6.4
1.22,6.38
1.22,6.36
1.22,6.34
1.22,6.32
1.22,6.3
1.22,6.28
1.22,6.26
1.22,6.24
1.22,6.22
1.22,6.2
1.22,6.18
1.22,6.16
1.22,6.140000000000001
1.22,6.12
1.22,6.1000000000000005
1.22,6.08
1.22,6.0600000000000005
1.22,6.04
1.22,6.0200000000000005
1.22,6.0
1.22,5.98
1.22,5.96
1.22,5.94
1.22,5.92
1.22,5.9
1.22,5.88
1.22,5.86
1.22,5.84
1.22,5.82
1.22,5.8
1.22,5.78
1.22,5.76
1.22,5.74
1.22,5.72
1.22,5.7
1.22,5.68
1.22,5.66
1.24,5.64
1.24,5.62
1.24,5.6000000000000005
1.24,5.58
1.24,5.5600000000000005
1.24,5.54
1.24,5.5200000000000005
1.24,5.5
1.24,5.48
1.24,5.46
1.24,5.44
1.24,5.42
1.24,5.4
1.24,5.38
1.24,5.36
1.24,5.34
1.24,5.32
1.24,5.3
1.24,5.28
1.24,5.26
1.24,5.24
1.24,5.22
1.24,5.2
1.24,5.18
1.24,5.16
1.24,5.14
1.24,5.12
1.24,5.1000000000000005
1.24,5.08
1.24,5.0600000000000005
1.24,5.04
1.24,5.0200000000000005
1.24,5.0
1.24,4.98
1.24,4.96
1.24,4.94
1.24,4.92
1.24,4.9
1.24,4.88
1.24,4.86
1.24,4.84
1.24,4.82
1.24,4.8
1.24,4.78
1.24,4.76
1.24,4.74
1.24,4.72
1.24,4.7
1.24,4.68
1.24,4.66
1.24,4.64
1.24,4.62
1.24,4.6000000000000005
1.24,4.58
1.24,4.5600000000000005
1.24,4.54
1.24,4.5200000000000005
1.24,4.5
1.24,4.48
1.24,4.46
1.24,4.44
1.24,4.42
1.24,4.4
1.24,4.38
1.24,4.36
1.24,4.34
1.26,4.32
1.26,4.3
1.26,4.28
1.26,4.26
1.26,4.24
1.26,4.22
1.26,4.2
1.26,4.18
1.26,4.16
1.26,4.14
1.26,4.12
1.26,4.1
1.26,4.08
1.26,4.0600000000000005
1.26,4.04
1.26,4.0200000000000005
1.26,4.0
1.26,3.98
1.26,3.96
1.26,3.94
1.26,3.92
1.26,3.9
1.26,3.88
1.26,3.86
1.26,3.84
1.26,3.8200000000000003
1.26,3.8000000000000003
1.26,3.7800000000000002
1.26,3.7600000000000002
1.26,3.74
1.26,3.72
1.26,3.7
1.26,3.68
1.26,3.66
1.26,3.64
1.26,3.62
1.26,3.6
1.26,3.58
1.26,3.56
1.26,3.54
1.26,3.52
1.26,3.5
1.26,3.48
1.26,3.46
1.26,3.44
1.26,3.42
1.26,3.4
1.26,3.38
1.26,3.36
1.26,3.34
1.26,3.3200000000000003
1.26,3.3000000000000003
1.26,3.2800000000000002
1.26,3.2600000000000002
1.26,3.24
1.26,3.22
1.26,3.2
1.26,3.18
1.26,3.16
1.26,3.14
1.26,3.12
1.26,3.1
1.26,3.08
1.26,3.06
1.26,3.04
1.26,3.02
1.28,3.0
1.28,2.98
1.28,2.96
1.28,2.94
1.28,2.92
1.28,2.9
1.28,2.88
1.28,2.86
1.28,2.84
1.28,2.82
1.28,2.8000000000000003
1.28,2.7800000000000002
1.28,2.7600000000000002
1.28,2.74
1.28,2.72
1.28,2.7
1.28,2.68
1.28,2.66
1.28,2.64
1.28,2.62
1.28,2.6
1.28,2.58
1.28,2.56
1.28,2.54
1.28,2.52
1.28,2.5
1.28,2.48
1.28,2.46
1.28,2.44
1.28,2.42
1.28,2.4
1.28,2.38
1.28,2.36
1.28,2.34
1.28,2.32
1.28,2.3000000000000003
1.28,2.2800000000000002
1.28,2.2600000000000002
1.28,2.24
1.28,2.22
1.28,2.2
1.28,2.18
1.28,2.16
1.28,2.14
1.28,2.12
1.28,2.1
1.28,2.08
1.28,2.06
1.28,2.04
1.28,2.02
1.28,2.0
1.28,1.98
1.28,1.96
1.28,1.94
1.28,1.92
1.28,1.9000000000000001
1.28,1.8800000000000001
1.28,1.86
1.28,1.84
1.28,1.82
1.28,1.8
1.28,1.78
1.28,1.76
1.28,1.74
1.28,1.72
1.28,1.7
1.3,1.68
1.3,1.6600000000000001
1.3,1.6400000000000001
1.3,1.62
1.3,1.6
1.3,1.58
1.3,1.56
1.3,1.54
1.3,1.52
1.3,1.5
1.3,1.48
1.3,1.46
1.3,1.44
1.3,1.44
1.3,1.44
1.3,1.44
1.3,1.44
1.3,1.44
1.3,1.44
1.3,1.44
1.3,1.44
1.3,1.44
1.3,1.44
1.3,1.44
1.3,1.44
1.3,1.44
1.3,1.44
1.3,1.44
1.3,1.44
1.3,1.44
1.3,1.44
1.3,1.44
1.3,1.44
1.3,1.44
1.3,1.44
1.3,1.44
1.3,1.44
1.3,1.44
1.3,1.44
1.3,1.44
1.3,1.44
1.3,1.44
1.3,1.44
1.3,1.44
1.3,1.44
1.3,1.44
1.3,1.44
1.3,1.44
1.3,1.44
1.3,1.44
1.3,1.44
1.3,1.44
1.3,1.44
1.3,1.44
1.3,1.44
1.3,1.44
1.3,1.44
1.3,1.44
1.3,1.44
1.3,1.44
1.3,1.44
1.3,1.44
1.3,1.44
1.3,1.44
1.3,1.44
1.3,1.44
1.3,1.44
1.3,1.44
1.3,1.44
1.3,1.44
1.3,1.44
1.3,1.44
1.3,1.44
1.3,1.44
1.3,1.44
1.3,1.44
1.3,1.44
1.3,1.44
1.3,1.44
1.3,1.44
1.3,1.44
1.3,1.44
1.3,1.44
1.3,1.44
1.3,1.44
1.3,1.44
1.3,1.44
1.3,1.44
1.3,1.44
1.3,1.44
1.3,1.44
1.3,1.44
1.3,1.44
1.3,1.44
1.3,1.44
1.3,1.44
1.3,1.44
1.3,1.44
1.3,1.44
1.3,1.44
1.3,1.44
1.3,1.44
1.3,1.44
1.3,1.44
1.3,1.44
1.3,1.44
1.3,1.44
1.3,1.44
1.3,1.44
1.3,1.44
1.3,1.44
1.3,1.44
1.3,1.44
1.3,1.44
1.3,1.44
1.3,1.44
1.3,1.44
1.3,1.44
1.3,1.44
1.3,1.44
1.3,1.44
1.3,1.44
1.3,1.44
1.3,1.44
1.3,1.44
1.3,1.44
1.3,1.44
1.3,1.44
1.3,1.44
1.3,1.44
1.3,1.44
1.3,1.44
1.3,1.44
1.3,1.44
1.3,1.44
1.3,1.44
1.3,1.44
1.3,1.44
1.3,1.44
1.3,1.44
1.3,1.44
1.3,1.44
1.3,1.44
1.3,1.44
1.3,1.44
1.3,1.44
1.3,1.44
1.3,1.44
1.3,1.44
1.3,1.44
1.3,1.44
1.3,1.44
1.3,1.44
1.3,1.44
1.3,1.44
1.3,1.44
1.3,1.44
1.3,1.44
1.3,1.44
1.3,1.44
1.3,1.44
1.3,1.44
1.3,1.44
1.3,1.44
1.3,1.44
1.3,1.44
1.3,1.44
1.3,1.44
1.3,1.44
1.3,1.44
1.3,1.44
1.3,1.44
1.3,1.44
1.3,1.44
1.3,1.44
1.3,1.44
1.3,1.44
1.3,1.44
1.3,1.44
1.3,1.44
1.3,1.44
1.3,1.44
1.3,1.44
1.3,1.44
1.3,1.44
1.3,1.44
1.3,1.44
1.3,1.44
1.3,1.44
1.3,1.44
1.3,1.44
1.3,1.44
1.3,1.44
1.3,1.44
1.3,1.44
1.3,1.44
1.3,1.44
1.3,1.44
1.3,1.44
1.3,1.44
1.3,1.44
1.3,1.44
1.3,1.44
1.3,1.44
1.3,1.44
1.3,1.44
1.3,1.44
1.3,1.44
1.3,1.44
